8059
7026
2350
3750
2158
0
1554
4682
4251
3371
2156
8210
4645
2309
7077
4072
5186
3054
8648
4312
9476
10993
4101
2002
5231
2404
5212
4773
1876
1853
4775
4202
11083
1582
7508
3192
18243
5506
2785
7028
6301
3890
3068
6988
0
1023
7966
3491
2144
1869
5549
0
7996
1928
7888
4432
5214
7797
0
1265
4198
10140
3417
3360
8338
2059
9125
3000
3106
2244
7141
7271
2990
4848
7263
7794
11793
8945
4142
14890
0
10686
1502
3751
2690
0
606
7470
15323
10731
4215
3223
5634
8093
968
5159
0
2540
0
2255
0
3136
6747
2487
8487
0
10511
4628
0
8505
3861
8342
5900
6824
4668
659
0
821
5363
18650
2872
5341
2021
0
6444
4659
5846
1140
1340
2407
4646
23292
4039
9725
0
3846
11723
2806
3085
0
7441
2473
4335
2976
12466
892
8754
5034
3078
5019
3081
0
4540
0
7489
3554
2012
9297
5261
8846
2891
1898
5913
1736
0
6811
6111
4012
7131
10056
3435
6571
7659
10238
2178
1763
950
6573
2287
735
0
14450
0
3554
0
4331
3803
5550
3544
2748
1674
6574
5470
7611
0
8608
1369
6222
10508
1824
2841
5483
4410
13319
6998
0
3327
4374
4120
3605
3552
10454
3382
0
0
1320
12196
2554
4414
10821
5153
3788
980
661
4404
2618
7612
1730
8624
1280
2059
5148
2355
3510
6108
9210
4706
590
8856
1557
3122
0
4170
5515
3555
9075
8133
2991
3047
5493
732
2547
8607
2500
944
5082
9637
0
1909
508
2478
6460
1469
2380
4232
5555
799
873
7223
3505
2002
0
5679
2211
5571
1577
2136
2288
14557
4351
4684
18329
5885
5339
6871
2266
11986
4139
6398
5680
0
1795
1004
6639
1248
2415
0
7098
6718
6344
3403
0
2320
7900
9575
2931
2594
7424
5362
5930
5529
2109
1491
5495
0
0
7988
3545
4795
1449
4749
3302
2054
3490
0
0
2760
10268
1171
7928
9134
4350
3188
2490
1475
1401
6239
7470
2853
8843
3977
6952
6578
5993
6761
5156
1968
883
9275
941
5465
653
0
6082
9513
4824
2093
3767
945
872
2024
847
5556
13161
3202
2210
5041
4050
5648
3496
5536
7251
7202
7760
2193
3695
6564
1522
5691
9317
8173
4254
8740
0
6754
1297
7631
1111
1468
6830
2129
9958
8214
0
0
3545
2718
8644
0
2472
2994
4705
3013
3316
2461
1893
21274
2765
4540
1109
7822
3257
3254
4216
1873
14924
4885
2035
7920
885
12146
12484
3324
9245
8927
3162
3788
7033
0
15972
1014
19090
5456
8385
5215
10055
1943
7214
1928
5819
1846
3291
3051
0
5321
4669
1905
5753
12523
6579
14037
8879
6531
4038
841
2214
6850
4789
5789
1718
1286
534
7376
0
6863
6312
2582
2531
2318
3102
2801
6801
3052
6852
4272
7615
2819
2767
1261
3278
5457
5051
3378
7406
9538
1792
4783
3427
14064
10438
6225
2367
7827
6980
5593
6600
1250
1328
1647
2564
5500
2505
3598
10327
1390
8304
6379
8235
5460
17311
1828
5054
14300
1146
578
3778
12601
4139
7222
2361
3013
9242
12824
918
6553
15578
2720
4013
1048
7497
0
0
6958
6683
0
2368
0
9122
5913
0
3062
11798
0
5407
6135
1361
3913
7445
3841
1761
4009
2153
6721
2860
0
8727
5157
5277
5562
2265
697
3133
5952
947
2185
975
7955
0
0
0
8139
7604
10225
2136
4291
0
4568
5601
12561
4070
2127
1311
4706
4383
6420
9383
2638
3803
2010
7527
776
3717
10727
9030
3862
7162
7112
10105
721
3718
2359
4493
4925
0
9094
3112
6752
6638
2055
3093
4777
0
4135
8865
10523
7680
1698
5722
5421
14814
707
3225
2079
6126
3333
12568
1922
9604
7624
2478
7465
6656
1602
0
3992
7557
7911
11859
3704
10922
0
1546
0
6239
6103
4937
0
3823
3179
3741
3954
2829
952
0
5290
3946
0
2150
17192
0
5374
9890
4866
4296
0
4499
10279
7998
7816
4273
804
3125
0
0
4864
15508
5244
941
9463
0
2810
982
6899
5286
916
3978
4704
2640
7166
6323
4925
0
10793
1986
4422
11712
7651
12471
0
942
1735
6923
2939
2875
959
3693
6205
6309
1364
6331
4056
1516
1487
2523
6034
6559
0
2256
5490
3115
6028
6634
1569
3376
2649
15251
4679
2605
4701
0
2781
2271
3890
988
1333
2289
1691
4797
9507
2155
6810
929
1433
6146
4198
663
5049
1504
7941
0
0
3308
2105
2097
6309
8541
5005
9693
9471
2768
5185
0
2789
1193
1428
0
1181
13012
2712
0
681
4615
6262
4678
9397
3603
6405
1440
1529
2417
4832
2825
10817
14953
3762
2660
5594
4822
5451
3109
5118
17149
6900
3924
3814
5507
1588
0
2396
13057
2938
6076
8272
3792
5992
10928
9882
4347
8052
2039
3675
0
3587
2412
1876
3660
5523
3791
4295
10428
2485
922
4987
5496
8177
6489
2391
10976
6775
4623
9776
504
0
919
2126
8226
938
13605
2544
3320
911
3080
1306
1888
924
2312
0
3578
1676
7546
2731
1845
4292
3942
8039
6330
8794
0
4471
0
5203
7449
9059
0
1747
4977
6529
4000
5136
2050
1806
6182
3797
8615
6645
4985
0
7878
4689
691
5469
2011
7279
0
5005
7445
2329
2991
912
2021
3614
6703
5961
9501
795
3774
3370
3135
3806
9797
2767
2748
6818
6641
5029
1227
0
1552
7716
7347
6203
8171
3213
9555
8067
7128
4593
4792
2972
8425
1853
4774
3263
0
2720
3693
6860
6105
3940
2453
5702
5213
3030
1365
2008
821
4221
10094
4966
906
7754
3019
4160
7660
3341
3181
5745
1325
2177
2421
4856
3747
0
4289
2465
7833
3144
755
6668
624
1366
3421
4560
1414
2530
10247
3964
8935
2179
1232
15434
3319
0
6464
774
1627
1135
9224
4752
1410
0
1989
2192
2168
3476
3430
1718
2025
2374
7325
7428
2858
4165
5932
8013
5041
3427
8335
2111
4187
7806
2223
11644
1324
2710
879
4951
1313
2591
4590
2501
3107
6098
3407
911
0
7300
1896
3873
4229
5945
12619
5616
10439
5939
4850
1839
967
7348
4531
10091
8180
1207
3167
4426
6445
4851
7115
5124
11450
1988
0
1604
6313
16561
2036
987
2604
7903
0
5948
5480
799
6562
0
2217
5249
975
4935
5663
3567
3404
5643
7158
2768
12630
15668
4721
6498
0
2547
2601
6625
4922
4421
2623
3343
1386
4032
4054
8901
2428
5531
3609
8382
1662
4494
9796
1041
2896
1413
2559
2128
2813
3180
5170
7182
7501
1188
7913
3860
4871
6183
11429
8010
3119
5395
15842
9341
1331
1081
0
2367
5906
4916
7435
6707
6918
19974
2973
4240
5543
9482
2702
3636
5072
1371
1168
6987
2221
6615
8627
5630
3548
2345
7229
1624
887
3389
7117
4498
2071
3048
8704
4681
3839
4836
3621
8204
0
5190
0
2013
0
4547
1989
4459
5497
4571
11564
704
1244
8690
4288
2454
4422
1586
2285
5297
1433
7603
9162
849
2193
4481
8366
895
6617
4484
7314
935
4022
6160
6381
1992
15080
8084
0
2507
1740
2664
857
2411
6155
4551
2783
1316
3860
7334
0
3643
745
8314
5867
4063
5639
4888
9880
10810
1767
3788
4300
839
4387
5017
0
1029
2776
13396
7826
2025
2264
1838
24420
4089
1428
2141
5925
4122
2611
9867
3257
11412
6838
7565
1553
9779
1384
7905
1778
2269
13458
3963
6382
1366
6167
2144
8982
1014
5970
2672
12879
2375
17258
8778
5567
5899
3460
9537
7153
4798
1184
4112
4162
4685
1039
1429
4253
7180
2221
1124
3879
16258
3098
4424
3972
579
0
2843
6797
3675
4889
4422
9426
7051
2984
1340
6697
835
2567
3178
2131
11604
3524
6077
1060
1462
1868
5646
2941
2031
3619
10874
0
6529
4414
3621
0
4306
4188
3815
8697
2963
5336
9384
8274
6070
1773
5595
763
3336
15021
2180
2720
8613
6176
4938
4565
0
2432
3358
2171
4866
3964
0
0
1551
3555
3861
5782
3396
1350
4578
1055
12937
6677
8252
12238
1252
3292
1490
690
0
3801
3664
2924
7004
4288
3660
3484
1639
5053
7205
0
878
10900
7405
3190
14946
1845
1863
513
6991
5617
2289
5251
5420
10810
0
0
962
10366
9524
3945
1533
3274
0
8017
3524
11247
5624
0
2106
0
3724
6059
0
0
2359
6452
976
7316
6218
5854
7015
9321
7919
0
7593
4256
2505
6296
2785
7290
4189
5673
2217
6772
4563
0
1471
973
7077
6066
7509
2696
0
4352
4324
7867
4423
4897
2073
8950
5806
0
2937
4471
902
4233
2395
890
19813
0
2543
0
3275
2641
1342
6312
5254
1986
10677
6915
3124
3491
2105
5807
4097
0
4026
2198
5953
1311
3580
23168
7885
792
6536
9911
3969
2375
15053
2040
1334
2116
8383
2011
5679
10424
9561
3315
9199
4741
2892
4441
2128
7608
0
1127
4754
3712
3191
2272
2347
3508
3106
5536
3912
5858
0
1594
10373
4016
1096
2153
2826
2633
936
1211
3054
10521
6211
8231
2681
2468
1476
2187
9233
2860
4855
10065
0
1170
0
1084
4231
2456
2056
2868
3280
17997
2057
9359
5940
0
1254
6239
3359
4234
4902
2344
8038
4134
4149
6648
4765
5874
11130
7779
3403
16762
0
3933
1396
1892
1506
16096
6503
2358
6505
4519
5999
3983
10035
2246
1926
5451
5653
8608
7808
0
11931
5638
7717
6007
3801
6766
710
0
2724
4800
6888
535
6833
4338
3080
5499
7678
4528
2657
3725
6578
6264
6632
4487
5002
4414
9717
4695
9945
9901
7592
7091
25230
2218
4850
3297
0
4926
930
8759
7260
17631
8031
2885
4660
7403
3521
8194
2622
4942
1769
3252
4359
0
5742
6688
2656
3810
2277
2057
1195
6394
2913
976
1819
7683
10122
2881
10951
2086
0
6362
0
0
4513
3361
10168
5231
6893
6768
610
4181
3975
5635
3130
3602
3472
12669
917
13760
5649
681
4234
2401
1337
780
922
11843
12279
7010
4025
6700
2821
2381
939
8273
716
1933
2808
2807
3997
9602
9738
4250
5097
2405
1298
11138
10552
10524
3088
1123
0
1649
6909
7653
2968
2563
9133
4711
4073
2317
1068
1821
5698
12974
6425
0
6957
1202
1683
2400
3779
5780
1021
2019
2672
12515
4344
2361
5839
2263
2805
1174
2899
0
2134
706
2850
988
0
1436
2366
11029
7519
6725
9923
2501
6726
3712
1821
4605
0
0
773
1576
2910
16931
4905
2402
8476
6722
1869
0
7406
9918
6220
10970
4507
1796
11470
7800
6911
9075
6953
4978
10293
3239
8183
11070
7560
0
1829
12348
4325
0
1700
9144
5125
15902
3858
3657
5883
10466
3309
2028
595
4738
0
10309
7027
0
1759
4508
2550
0
3636
1977
1448
5044
0
5068
14316
13075
7131
2795
3556
0
20725
8780
2880
4466
3386
0
10596
1504
5888
1646
5944
7725
0
0
1363
1356
2666
4234
5888
5532
10520
798
7607
2351
2451
3056
6929
4262
6140
6547
2371
2988
0
1520
0
4599
2151
3092
0
2739
8829
4753
3262
3343
3786
0
6879
2796
4183
5931
3493
835
5172
3800
5378
5081
10011
3314
7358
2413
4140
2904
3368
9465
1778
10314
4901
7522
9049
9783
1341
11850
8345
2080
0
5152
2627
5547
8697
918
20453
3247
6414
2223
2917
2036
0
3003
11187
2113
5104
1357
0
9208
1390
7020
0
4592
3198
0
4057
9603
7835
4928
3125
3313
13642
4153
6508
2239
852
12222
0
3969
1826
7987
901
5155
678
8162
0
6206
7494
2565
2045
7441
0
7409
7998
11206
1282
4073
6993
2507
7910
1949
1791
2487
2319
7371
8877
2081
7462
2593
2301
1747
1518
2365
3251
0
790
4609
4080
8004
3867
1867
5434
6269
6174
4620
7996
5319
2940
4318
2552
5376
2927
2769
4839
1053
0
13070
0
0
6323
9111
788
5972
4249
6280
1877
3663
2677
4827
6027
1093
17153
4891
7687
6733
2722
2326
5753
0
7322
0
5179
2377
2031
4333
5411
1179
0
855
7371
8128
4355
2456
1315
10082
10733
934
14614
4101
6284
5993
2448
12392
5704
5405
1368
7613
5879
5519
6186
12741
5130
5759
5352
7294
3627
2587
2670
7007
0
2260
5994
2782
2378
3835
4780
4218
10994
1326
5784
3959
5782
2852
7715
1332
5967
10285
6987
1125
2272
2892
2937
4601
1450
1404
6562
5502
3055
5366
742
11510
3757
0
3586
3537
3795
3673
3323
4415
9821
10862
2632
11472
2767
2957
9117
671
3987
2627
6349
11299
9080
2348
3327
2888
1062
4778
20576
8439
14461
4237
6863
8624
3014
0
5110
4012
1742
3572
601
8360
1728
2902
5030
1796
3644
4307
5356
2701
1796
17888
0
2687
4696
7165
10868
887
10930
0
6851
1303
2570
3326
0
5385
3030
5397
0
2277
1362
716
2985
1634
2920
5099
1595
0
5146
0
9120
4300
14178
10486
876
3633
9836
7476
0
3250
1399
3509
4851
7504
0
12550
11351
7191
4025
6482
4048
4839
2454
4466
1016
3513
1902
2035
4088
4319
9447
2197
4109
6706
1006
2115
8314
5303
6837
0
2131
1837
2857
3443
2624
7373
9270
3406
2154
10749
555
1227
3404
4689
0
2104
8563
9156
576
4020
1309
9874
8020
11362
3221
0
1155
4681
1911
3073
8271
23394
0
0
0
4651
1842
5669
10177
2117
4631
4419
1883
0
6566
3033
15748
1068
2126
0
6139
9466
5994
6549
6182
4570
10256
885
0
2457
2445
3091
0
12059
7946
3905
8671
4100
3935
5523
11492
3775
5826
6777
7019
10973
3288
8355
6351
1267
1322
9818
4870
5204
0
9675
5082
2154
1181
8852
14887
1247
1068
8385
0
4557
14007
7671
3864
2028
0
7676
0
1700
1191
1335
3378
2313
4547
2149
2795
7069
5197
8661
7547
9244
957
1013
0
14229
4585
7943
5690
11385
0
1054
3112
5789
10021
2782
0
3878
7018
4097
15631
4365
2214
6704
11544
5438
4788
7270
4249
3118
0
4414
0
6123
0
6561
6299
7118
4027
0
1851
3588
15145
6458
9415
4616
5597
9545
0
13148
0
2873
1299
998
10215
6132
5451
5205
4346
15794
3330
10483
0
6705
10671
8415
1569
7382
943
734
2584
2790
5870
1372
3894
8141
5245
13604
2317
5678
9371
4547
7009
0
4892
9214
1180
8611
2024
10191
5448
8642
995
13982
4109
4505
0
4396
5947
2939
6809
14350
5025
5403
5972
5584
3170
6909
2741
875
6846
1243
6232
6594
1192
9376
1413
6831
4096
11194
16116
0
13251
9852
3421
0
10240
11551
4875
10407
4869
4034
1948
3687
5919
2288
4379
1124
13739
4394
2954
2221
3018
5505
2154
4863
6618
0
7043
966
4865
10996
3283
3001
2830
3751
6425
4932
6846
0
5320
6562
947
12795
2510
7784
4232
2909
5787
3058
1851
4223
3423
3802
11422
0
5262
11112
1310
2711
1098
10590
11420
4363
805
0
8037
11205
4195
9183
9180
5891
5507
0
7303
2114
1455
0
7138
5607
733
2295
4696
851
4695
8887
1626
4126
0
4897
5281
7943
7988
2025
4839
9064
7971
0
1645
3382
4445
5503
3206
4557
6190
7565
4285
8859
5067
3971
7997
3219
7661
1976
866
879
2051
2322
9447
973
6571
2650
8339
3118
3951
5135
2819
3663
1620
8479
2737
830
1412
2269
3883
4763
6285
5807
0
6985
4808
738
8902
0
10742
2227
11076
12162
1336
5163
940
1908
4842
710
7802
4667
16433
4424
7293
12800
3703
2225
3763
6049
10291
5540
7801
739
1896
6072
3047
8086
4143
7229
3296
14611
3244
10849
1248
6736
2851
4792
3288
5328
4907
13167
10218
5112
5976
4322
7826
4346
2685
3902
3173
0
0
4831
2072
0
2222
6843
7762
3504
12447
7629
7919
6424
3103
2330
1227
4503
2151
7149
3933
10603
4679
6720
2002
5845
3250
0
4469
2434
917
2017
3795
7822
8427
5397
10052
1396
7852
6528
7849
0
4130
2918
4022
1488
0
0
5728
7118
15464
6461
5024
9315
7056
0
549
1552
2742
10416
1983
6420
5251
5597
2619
1062
0
4647
10341
6434
5410
0
0
0
5129
11071
1319
0
6674
6684
1792
13573
5574
4839
6828
1923
781
7157
3332
1198
0
4693
6890
3447
13028
7814
3996
678
5311
2982
2084
2520
8572
6585
877
722
3675
0
9725
5785
4173
13141
4690
10604
5086
0
2150
547
6474
9839
9827
3666
2474
6871
1940
10736
2467
2493
13725
12419
10784
4961
0
2992
947
0
1802
7775
3532
781
4224
0
2725
3243
2249
1857
0
4320
3760
5108
4158
3900
4783
0
1244
2831
2105
3123
0
2855
2404
4087
873
958
6914
2396
1864
14905
2653
4998
4308
1680
2014
569
5844
2520
7375
1985
5164
1898
3494
4878
0
4951
1896
10325
0
2291
12397
6697
3210
6618
8865
7212
2005
5815
9137
9804
8641
3905
1566
552
3811
2915
0
5820
2227
4712
5742
2948
4488
6143
3193
2675
10471
9020
3499
7839
4394
751
0
6481
16175
5972
4403
5259
0
7405
7118
8189
880
0
6757
3625
9444
8307
1331
4516
795
1027
2076
1351
2141
2459
2897
13291
740
7504
5915
7668
4515
7727
6929
9912
8228
6833
5874
18934
10306
10063
5033
1884
3024
1006
7282
2177
0
6331
9745
1668
5702
12318
2629
4137
3281
7388
3479
6047
5606
3265
2271
2914
871
13129
1896
0
1523
3809
995
4341
6672
3419
4738
7251
6832
5372
4782
20464
1343
1943
2621
4020
13442
9253
7056
1251
5162
1038
5369
2334
1287
2833
2237
7787
3246
602
3324
5108
15095
8158
2515
5168
2928
0
3842
7178
6855
3524
0
4769
3426
2523
7678
6140
1448
0
3207
7267
8873
0
5537
3136
1875
3284
5610
2596
9722
3990
4062
6417
7013
4425
3501
2879
2237
6105
0
5805
7906
4089
4183
12864
4232
0
5607
1714
4649
9895
897
0
5993
14900
875
5086
1207
4374
9601
0
8704
7079
0
6592
23242
3436
1560
0
2943
0
3466
7858
6636
3540
4782
4842
7424
6789
4058
5381
0
4998
0
11476
4528
891
4848
5848
7384
5153
4015
4285
8117
3752
4711
5123
3383
3924
9535
7130
0
7088
1263
4704
0
14983
4266
6014
3148
3535
10427
1876
14540
5123
2370
6704
4279
0
5298
6856
1353
2103
8911
1352
2246
4519
686
5899
7981
2529
2962
3013
0
4502
1970
4045
9121
1605
1608
0
3990
7583
2158
0
0
2053
3321
2192
5584
2422
4662
2885
3703
6534
0
3762
7908
5495
6722
2461
4779
1307
7229
0
9368
3094
6786
7325
2204
2125
2864
3704
4972
3638
6593
3908
12932
5444
5159
3816
7795
3760
0
2024
5630
6041
3973
2002
3992
842
8558
6776
2514
8861
2074
6334
6380
1072
3600
2546
4984
9918
4395
4440
833
6683
2868
8940
3977
2137
4661
10778
1499
5297
4591
4188
3325
6377
10900
6158
8631
3169
1763
1507
10341
4303
2910
7161
4008
2882
11793
3108
7478
1352
2158
3962
3544
0
3857
7320
2019
4985
6907
0
3617
2135
2819
879
4731
5516
7336
12534
3775
4844
3675
3015
10288
1046
2643
849
5522
1282
16747
3765
6940
3086
5239
5094
1458
6460
2792
9734
2703
4357
861
6146
2583
1921
2252
2150
9302
1243
1666
1986
16110
4826
4066
6373
0
3071
13712
10457
1869
5262
1519
4927
7050
4088
10028
4211
7692
3624
2675
3634
6779
799
7774
9186
6486
10456
3837
6265
3450
1394
0
2148
995
5481
10395
904
5702
3899
4043
7280
3307
8499
4994
3002
2381
10199
3023
4789
3456
5504
10453
18457
2987
6146
2331
0
928
1865
11748
0
3003
3687
3251
8520
1572
4430
3315
3960
4331
5177
10652
1325
4807
8006
1075
8246
11484
3552
5723
0
5533
723
5810
2832
3641
2063
5829
0
2463
4694
3268
1134
4926
1004
895
12178
852
4535
7737
2326
2139
0
4661
2789
4355
0
2708
8771
1917
5124
15423
1019
9347
6758
6126
5929
5815
1378
859
1659
4466
4575
2535
2559
14625
2548
4533
1889
6071
3794
3292
3007
6047
1181
3457
1273
0
7806
903
1132
8054
4355
0
13541
3894
970
1275
3649
2733
5854
2579
8386
3220
3264
9225
1831
8544
1282
18050
7903
1868
2463
6850
3833
1802
2491
2507
2854
1293
2509
7570
7875
9559
5115
3562
4579
4977
3611
6043
8448
1764
2996
2332
916
2349
3695
4009
3999
7591
11771
9066
10808
5377
3987
4748
1025
5526
11957
998
764
3290
0
11774
2791
0
1666
4460
2412
3928
3928
6805
5824
10030
8888
905
7133
6435
1294
3424
15095
3194
1303
2358
3473
3297
6631
0
0
3101
5903
11210
5609
4455
1722
5677
7093
4932
2621
3101
2191
1766
5311
17549
7264
8819
2496
4854
2950
8495
3800
4796
7138
5921
7096
7677
10989
6085
4267
4417
2306
5024
4303
3958
8728
1895
662
2709
5402
10310
1159
10067
9501
1758
2033
2919
4850
3960
0
940
2132
11920
7489
1556
1321
3542
1767
4472
5831
8554
2101
13324
5212
3830
1171
870
2490
3158
2275
3117
1215
7220
6244
4541
7644
5655
3224
5275
6471
5268
0
1065
11003
2479
3823
8224
997
8079
7539
3611
8362
7411
5120
2452
4037
8867
5868
0
5560
1907
3635
4299
5163
0
987
5113
2613
5175
5842
6973
4980
1831
9512
14203
3476
9382
1880
2347
1292
0
0
2104
10080
5009
6523
3694
972
3186
3845
0
6517
2906
8627
811
3764
1275
10116
786
3769
7278
2188
7988
1775
7869
3717
7997
2962
2082
4586
826
2981
11175
4100
7034
864
8349
2768
6956
4321
4281
4245
820
16430
3173
2497
1268
3797
3605
9071
1053
1932
3417
1472
6871
7188
820
1416
0
1066
7743
2335
2069
2266
9392
8855
9378
2843
10733
9245
8652
8338
3040
3222
1948
6284
9652
2170
4522
6692
2555
902
2267
6607
5808
3446
4667
3355
2516
7171
8050
3328
3995
7670
2922
8137
9000
1066
13169
7297
4270
2693
786
11906
15097
8890
6846
8514
3241
3753
4763
2286
4247
9190
5625
5457
3940
4455
5944
4160
1110
4750
5367
6820
5226
4295
4900
5066
6599
8980
5865
3988
3439
4219
770
7952
0
8731
7628
3957
5236
4640
3852
5818
1490
665
2722
1296
9823
16477
5986
3037
1928
8901
0
0
10933
0
1455
3475
4429
1029
13148
3399
924
0
2557
6862
1456
0
3799
1114
6444
5488
6396
8311
1121
1397
1726
1419
0
3232
3173
892
5390
0
2054
4098
1796
732
3064
7715
0
6294
8444
0
3000
8159
9961
4393
4815
0
2243
0
1898
9633
3068
10638
0
1074
4067
5675
8361
7167
0
4849
5931
0
2028
14225
3952
8688
3513
2286
7947
1244
3361
0
6504
6703
4507
1224
15027
7208
4580
9736
6774
4984
5738
2755
4567
1203
13065
2644
2885
3786
7577
3914
9868
972
9175
4202
7484
8460
6254
0
3085
904
5700
3765
5297
4125
14877
991
0
2727
6017
4180
2274
5340
0
2415
5255
4151
2706
1078
1321
6643
3400
0
1335
2330
4692
10758
8560
3557
11950
1543
6586
7798
9102
1024
2594
5481
11547
3904
3255
5966
5452
3112
17395
4504
741
9308
13268
3370
3729
6990
0
5915
2382
11686
0
4551
2013
5588
7645
1226
10896
2227
8044
2025
857
3227
0
516
841
3065
7900
4328
3236
2087
1300
4249
2344
4140
4433
2153
6385
2196
2820
3174
12029
6765
0
1156
2724
3581
11622
6882
8540
1927
6166
2587
5275
3202
8398
7641
0
2480
7661
7365
0
8007
1631
3636
1806
1716
4440
0
1202
8962
2996
2695
5749
4201
2464
10214
2295
1844
5785
1277
1479
0
4554
4218
2542
3346
5102
919
9038
3492
5710
1328
5720
15724
5476
4735
7457
0
1785
5603
4710
14549
4005
3859
3696
0
4845
0
2395
6171
2423
0
2459
11710
0
2183
2441
9344
2995
2352
9833
4394
8162
1888
2104
1525
