25230
24420
23394
23292
23242
23168
21274
20725
20576
20464
20453
19974
19813
19090
18934
18650
18457
18329
18243
18050
17997
17888
17631
17549
17395
17311
17258
17192
17153
17149
16931
16762
16747
16561
16477
16433
16430
16258
16175
16116
16110
16096
15972
15902
15842
15794
15748
15724
15668
15631
15578
15508
15464
15434
15423
15323
15251
15145
15097
15095
15095
15080
15053
15027
15021
14983
14953
14946
14924
14905
14900
14890
14887
14877
14814
14625
14614
14611
14557
14549
14540
14461
14450
14350
14316
14300
14229
14225
14203
14178
14064
14037
14007
13982
13760
13739
13725
13712
13642
13605
