703
3060
1767
2585
1432
3661
3041
2085
2928
2313
2767
1754
1558
3275
3117
1490
2871
3319
2459
19
1004
1724
2079
3074
1690
3997
2260
2732
1992
1408
450
3566
3947
3238
794
1315
967
3876
3638
2399
420
2948
3597
3038
635
3161
3436
715
2708
3306
1839
911
427
1903
991
1662
2925
3810
1707
1824
837
2577
3794
2654
1096
706
410
2192
1171
2499
2871
2147
2557
3952
3443
812
3120
461
506
2210
799
2401
2959
1617
2476
1515
3977
3118
2881
2499
1101
614
1996
1872
2836
3883
3196
3788
3967
1616
1792
2870
1836
1975
2269
2906
2599
1106
455
593
2427
432
3211
1776
3066
700
1533
2268
2827
708
592
3055
713
3247
2154
2881
3818
60
2815
288
382
2113
2704
559
3854
3939
287
3565
1640
2198
3808
1441
1019
2955
1575
3562
806
3479
3127
3531
3005
1570
1890
202
1085
2946
1368
987
3514
1205
3921
3190
1083
2289
1424
489
2928
3857
2425
348
1908
3294
246
1223
1869
3890
637
639
2993
3107
2231
2689
3865
540
3130
475
853
1572
2919
277
1064
1251
3439
1689
1059
1720
1047
1881
3358
73
513
2739
2482
190
556
901
2602
707
2975
2714
1594
682
3993
1882
3224
854
3023
74
2772
3196
739
1683
1138
2113
1485
970
2173
3092
1150
3171
2526
3690
2223
1339
587
1390
2248
1538
3895
625
174
880
744
2087
133
3224
2613
3140
1604
1430
1511
1534
3189
1592
3969
3226
2316
1966
1390
1385
1868
480
2760
1973
3414
1376
2260
2879
613
3832
444
2240
256
848
2859
2903
2172
3216
967
1550
2552
469
1336
915
2519
3264
2547
1539
3134
2852
3749
3479
3444
1646
1039
83
187
2764
3989
2184
288
3309
1517
3494
2939
426
1693
2998
2479
154
3160
2798
2408
3881
1465
1207
2239
1116
1754
3718
3577
2925
2230
1950
2619
3112
2215
3932
596
1411
2954
1808
3214
3778
395
2267
3664
2075
1560
2539
2134
3062
2646
3654
3453
1067
3500
2437
2446
3478
433
3540
3433
3274
450
3336
3812
3969
796
2454
1031
2567
297
2732
3104
3540
2299
306
2233
2670
1185
891
1700
1573
2861
1346
465
512
1657
1908
3430
1203
231
1967
1596
2423
1247
1399
3004
3505
973
1997
1807
2658
159
1924
3383
1675
3068
2666
1921
158
130
3665
2073
1648
3287
1706
1640
2200
3696
3902
866
3935
2850
870
3796
1782
965
1292
3191
940
580
1020
2434
1002
1951
3017
885
3112
1000
2341
776
2967
2843
3130
2701
293
2535
79
3565
1528
3961
3785
1152
1497
3826
1569
1599
1712
3157
1321
532
2616
233
3158
3241
3804
3429
3440
1581
2887
3563
1998
2901
1264
3434
1873
1894
1231
1143
220
629
2971
3274
2308
371
3169
1358
1181
2897
3770
3338
3604
1006
2240
169
816
2184
1283
3266
2079
1616
2650
3865
2724
2427
2644
3416
3989
112
1055
1650
3596
1315
2078
4
892
1981
144
1171
3597
1775
868
3362
1198
763
1804
688
2002
3861
1707
2136
2790
2107
363
2882
668
483
3236
1338
2700
2373
367
825
1271
3535
1186
1170
1611
1668
532
3668
1293
858
3903
529
3159
3538
3637
2456
173
3581
3364
998
2398
3105
3328
2753
3761
1890
413
2081
3174
2431
1234
1021
3000
1619
236
3262
294
3068
1162
1304
1521
141
1080
1874
3052
1080
1743
3186
1168
2371
3681
3112
3589
1877
3967
1247
3077
2977
1584
3872
1183
614
3008
2027
3045
1770
1182
1845
389
1918
1532
1388
823
1125
1144
2062
45
2313
3756
2867
1765
2383
3640
144
3481
1591
2004
3791
2832
2446
20
3587
550
3459
1588
3844
2550
2418
2517
3699
589
1189
1413
1324
898
2815
2816
1583
2387
3547
1697
3945
2611
1863
1973
3755
2692
1741
3004
2975
529
1203
189
3937
2700
2523
784
601
631
2837
3772
2291
2881
2647
929
1753
3080
2441
2960
799
2049
3610
3294
1183
1311
2495
3526
3856
456
3728
3382
2601
1157
1148
1345
3021
1487
3854
2352
3747
3555
1411
2601
1800
891
1733
2946
3230
3001
1099
97
758
3317
926
999
350
864
3331
926
480
2344
1470
3935
954
1798
1233
3466
717
3014
2857
3207
3568
3418
2905
1653
3637
1729
3011
13
3415
2076
446
1864
166
483
2639
2530
613
3406
512
3367
3275
2697
538
3010
3631
599
2317
3987
1630
3676
3647
3691
3050
935
2309
2372
3540
30
985
3549
3557
2107
2275
76
124
704
3504
99
817
1493
3829
32
362
2992
1489
3046
695
2535
1511
3695
2617
128
18
2090
2121
2534
2860
612
764
2450
1648
1752
2238
3130
1368
41
1588
3233
2216
966
637
1079
3814
2417
1107
3552
2241
3599
3804
2119
1034
932
1547
2034
661
303
3801
3276
1581
2397
3566
1186
3099
3039
965
297
1631
2090
579
1142
3038
3403
3479
2538
3298
177
2140
2523
1736
1469
614
1892
824
3924
3878
2966
3302
2023
1875
310
541
2680
3398
2309
755
131
2784
780
3658
893
8
2097
735
3772
2409
3016
2912
1803
3116
3995
3257
1692
3698
1440
2892
2692
1414
1317
170
3725
2355
3746
1001
805
3576
3841
3735
2988
1784
2859
136
1320
3101
1362
782
3090
1941
2716
3236
3412
3351
3994
299
1018
1285
2924
1520
1028
1219
3719
2947
2971
1749
2625
2891
1196
1554
1695
3445
1483
1550
2060
3603
1536
3909
558
648
1065
1356
2917
1534
401
341
2430
592
2327
3188
1044
1029
759
710
3270
3457
2482
1063
1832
3545
3822
3195
3004
2033
3143
1298
756
776
867
421
2088
1179
2157
3664
2419
2282
618
3448
3528
579
1721
744
111
1866
1465
2464
3099
233
2572
3828
1462
1016
1168
1812
1074
3263
3327
584
3178
418
1791
3922
2664
1468
2901
2889
3852
392
697
3365
2234
3262
2401
3411
3606
3633
3197
996
1699
3397
3958
541
1375
747
1372
2286
2439
3862
1075
1560
1886
686
3114
1094
1144
1131
3721
131
3593
3284
550
578
3231
1987
1659
2310
2157
2260
1114
962
1921
28
2414
3490
2206
2815
1422
958
993
1838
1888
3466
3075
1295
614
1208
662
3527
768
1105
1138
1281
2523
1412
1259
3225
1646
2947
1832
103
1080
2993
909
407
3252
1871
835
1039
1152
3855
3621
1284
951
30
327
3388
3933
2889
970
178
53
1898
817
1446
2685
1354
509
764
2428
701
2671
302
2195
3
1056
3138
3067
1336
2983
2799
1086
2721
2603
1428
2157
3628
2372
1468
391
2269
1569
3481
2423
1322
1657
3117
3698
3676
3928
2915
203
2548
198
2634
2459
2390
2733
2014
1476
1854
2336
406
3606
3382
1993
3056
3800
3603
889
3832
2266
3606
429
3648
1094
555
3233
3577
2899
1118
373
1480
2250
2791
1807
226
2900
3116
1551
2954
2054
665
146
1834
1118
2104
95
1121
3036
916
2741
3963
1382
543
1508
1139
3477
2567
293
131
219
69
3771
2843
1066
2630
3519
3058
2762
2839
3019
630
1753
3962
481
1223
592
3999
2102
447
1262
733
256
1542
3751
1302
2835
2276
3071
2789
869
3373
3414
2818
465
3158
3265
3962
2847
3844
3900
2489
1684
1763
1062
2253
767
64
365
413
966
3520
3655
82
2061
921
3970
2154
2040
2735
3826
1612
3418
1828
2919
1114
847
102
903
2127
3987
1646
492
2027
3198
3098
3133
1486
3126
3547
3933
3100
2442
1415
2245
1463
2007
170
2827
407
3731
3999
2934
2351
2881
3168
3661
1073
3734
3796
2812
2497
2307
2574
2980
781
159
3695
1799
3340
11
2716
3319
1559
815
2150
3351
1857
3416
2573
1856
993
1590
950
345
1482
3340
3867
464
3324
1619
1159
638
1405
1851
3615
1716
2322
3504
3422
2716
874
3248
581
3478
878
993
3856
3170
667
1130
1850
3200
1749
3615
378
3187
3839
1743
720
1850
1546
3118
2444
2723
3511
1316
2082
247
1267
1223
2749
680
736
3744
2447
1997
893
847
3530
1315
566
3058
1359
3598
3991
54
2386
384
2106
2914
3648
2606
2820
1321
882
2792
3568
460
2418
2326
2898
509
2494
2722
2416
3386
3480
3535
137
3770
1080
3759
2362
3881
2701
2878
204
1566
3486
992
3687
2175
2822
2926
1198
940
1616
2730
261
111
915
2521
3715
2437
234
3407
2568
2637
3907
2773
3474
507
1173
1183
2673
3822
3512
799
1923
473
2081
2357
2043
3424
217
2460
3818
1105
1177
1062
3928
2314
705
1770
3822
3734
2272
984
725
1964
415
101
1564
207
3194
1444
1279
3016
3790
2343
720
742
3695
1356
3670
1817
1474
1685
2986
2245
808
3015
3524
2087
3373
1006
1141
3567
2657
1541
2291
163
2585
1107
515
2926
133
614
1946
1765
2410
1253
381
2211
362
3293
645
3904
2390
2354
1811
3081
1218
482
2287
1318
500
1127
1996
2762
3308
3564
2343
2710
1759
3939
3454
1485
1037
395
1292
2378
1464
782
2523
371
1591
2735
3205
1048
399
578
595
1065
408
547
2998
2494
2328
20
3594
3408
3003
3237
921
2838
3970
2459
678
3975
3204
1002
1918
566
902
2697
2856
146
1832
465
1907
2831
456
2935
2752
1038
1764
3054
3515
2574
1637
2533
2451
2191
2105
1892
1192
360
2979
1477
2912
3420
1726
1968
2101
1139
775
2847
86
2027
2352
2287
1274
779
3794
3290
203
1966
1890
3296
3125
872
2940
2390
1313
3211
918
1860
1447
2932
655
1190
1792
1807
2548
201
1827
962
303
2080
444
1994
1968
1558
3169
3240
2148
1253
3753
3991
107
2648
3153
1925
2653
2713
1458
448
2684
1599
666
3747
1994
497
1241
973
1202
185
2
3224
119
3282
1931
3529
2880
782
3290
1612
964
776
33
2131
2597
2533
2379
3517
155
2603
2770
1555
2730
317
1950
193
577
3645
3029
2169
1898
2928
3313
2880
458
2393
181
1558
2502
3394
1344
172
1272
615
509
186
3983
1563
2795
3579
1611
1384
2590
718
1648
1339
173
1971
1638
1537
3608
1095
2936
994
2052
2717
2718
1655
2603
1293
3165
1290
502
1438
860
2913
533
2389
579
3119
2305
2423
2232
2321
3927
695
3334
3879
2154
1442
1890
2189
1204
2199
438
2977
2103
1457
29
3763
2141
421
1304
3601
495
3281
2267
3339
274
2134
3011
3424
3980
1681
810
613
224
1760
3353
1324
3562
688
3617
2971
2351
984
2675
2334
1527
3919
1975
3788
3711
3113
3050
1347
3367
1575
593
3147
2352
1512
3171
2359
2690
2563
118
1147
2306
2466
3374
2435
509
848
1115
788
186
2750
997
2043
2960
0
2918
2462
651
3088
437
2091
885
3918
593
3260
3116
1251
1638
3484
3648
2029
1949
1600
983
239
1826
3973
3238
136
3150
2490
2867
1806
3053
994
1878
2925
639
1545
3840
1099
272
1313
576
419
3069
940
1750
3492
3367
1710
1208
2922
3468
2684
2964
362
62
2156
3777
469
3543
2392
3260
1238
3000
3049
3651
2879
1404
2055
288
2725
3016
3873
3285
2856
3776
977
3855
1300
1739
2517
330
2397
1304
1955
1542
2320
157
3834
3047
6
990
3160
2690
3936
707
1074
1481
1703
3717
1403
63
520
3463
1869
1578
2434
2704
3248
3602
426
3068
767
3440
1736
1616
2187
956
422
3091
937
3580
142
1114
1696
1680
309
2018
492
896
3689
1562
929
2255
551
27
1614
2287
2720
2170
573
1043
1382
1944
1122
3523
431
3353
1182
2269
1074
1830
1023
562
1227
1599
3154
1417
3286
2565
130
1100
2818
2095
32
2339
3345
737
619
594
3531
3946
2621
2746
3689
55
3784
245
1771
1097
3364
2833
3050
3942
1124
2500
1676
2724
2607
1044
171
2238
2271
3399
414
264
1505
705
1254
3097
1598
2905
3716
772
822
1963
1601
2691
2414
2482
1821
3704
572
3538
1757
48
57
1978
566
36
3679
3289
1453
3353
3738
717
2946
3563
553
3793
2867
1792
1650
478
522
3130
3811
1406
2353
472
3164
3831
3395
2322
585
424
1375
2874
3200
1197
1256
36
1227
3216
3459
2036
1670
3455
2876
430
3102
1344
3924
3994
2943
3610
537
637
3935
3003
2325
3433
3747
2163
2587
757
1231
1164
2933
2279
2094
3318
1900
2160
158
3370
509
336
3275
3900
541
3291
666
1679
2132
3342
1879
2223
1233
1230
2522
1899
2665
37
2277
1315
191
2291
2345
1582
1626
232
989
1082
2598
912
903
3680
1317
1321
441
3041
2260
3769
1255
3015
1939
3504
2591
2329
281
2014
2535
3082
3641
1457
2941
1690
2229
221
1155
752
1200
1122
2418
1310
2715
3150
3866
1561
3113
2800
524
3200
2025
3035
2139
225
3352
3830
2015
2981
2066
2295
2010
3667
1413
3670
2645
3913
631
1598
3972
773
2774
3928
3210
2830
2215
3287
1024
3135
1672
2169
1248
694
1804
3816
63
1560
3151
3887
254
3472
2851
372
37
3924
1410
3964
1740
1864
2361
512
3966
697
2123
909
3368
658
2291
1314
1577
1179
1089
1179
667
836
3089
2744
392
3494
2650
272
1513
1219
2430
3075
1288
2686
1813
21
3061
1881
3931
2537
1089
1877
1273
1621
3330
2532
3427
2934
1993
2713
3032
2676
3050
3404
2706
2867
1037
3246
35
1592
1399
1728
400
160
636
606
3540
2605
2916
1590
2224
3119
1387
1080
2709
1804
3179
3096
1901
1523
3711
2746
2132
2071
2557
1367
1935
466
1756
54
2553
2870
1557
3297
87
6
3820
3725
3455
2280
1158
3541
1367
3115
2490
3772
1287
1877
3641
3832
2880
1022
1253
3915
1617
2369
910
1044
902
3313
3548
3056
619
1344
138
2750
423
2563
3806
3334
2248
3620
962
3322
2240
1214
510
3967
2472
3372
1108
975
1264
813
3172
2900
1915
2952
746
1107
2306
304
1943
3487
2641
1048
1207
1198
420
3471
547
2490
370
3744
199
2466
576
1624
1768
3144
946
2051
2410
3746
2199
487
1306
1381
235
714
1749
499
135
3460
2986
3261
2692
3552
1947
424
1464
1683
2745
892
3468
382
827
938
2970
3469
2196
2636
3683
3879
2899
386
343
370
3178
3018
1974
3656
1338
2034
2902
2057
3458
3297
1816
662
3740
1208
152
3620
282
169
2998
1385
2676
1053
2830
1969
1102
746
3090
1059
3819
1066
1033
439
1066
2461
2683
830
3147
911
2349
3145
2413
2334
3280
1521
2673
1587
2659
1705
619
1171
3508
1091
3432
3426
3375
2244
3591
2981
852
1319
340
496
2880
2157
682
2426
3766
1719
3774
3453
3709
3159
2432
1332
209
3903
2864
2600
2442
2603
1867
2548
910
2137
169
427
738
2496
2875
1775
2642
3679
1628
3405
3966
2951
2733
1171
1387
2281
804
1287
1853
594
537
1193
2883
2532
808
1321
1362
562
165
2249
3353
1403
2600
1638
808
730
529
1166
74
2845
1118
1700
1204
2735
2626
862
3033
503
724
2240
2805
1449
246
2217
2740
1838
1543
2641
588
1758
3668
641
2862
3472
593
3209
3194
808
3232
1476
2038
1945
676
759
1984
907
1764
3555
203
222
2159
2924
917
3814
3315
454
227
1771
2983
3107
2671
2387
816
411
3605
298
1340
2327
3323
2993
1595
76
2387
339
3331
2262
1915
2925
1882
2640
2520
3369
2814
3356
3411
1511
3688
1079
1929
1892
2094
2819
1457
2317
958
216
2453
3269
1118
2232
1970
1427
1148
2261
3319
2105
2171
940
745
1408
2882
3722
2972
1123
1531
1376
3135
3575
274
2060
1531
1179
1752
2435
1582
1999
1911
3439
1994
1905
3420
3667
238
3663
2681
60
1762
2335
1882
645
3800
1223
2917
2681
3115
3091
1406
385
3883
1649
3381
2122
162
1890
2411
3610
1128
3645
70
3164
3527
1279
350
1321
1977
2043
50
2875
2445
1829
1100
631
577
3735
1050
3415
2399
94
2134
1658
3076
1059
3706
970
2671
3010
3876
492
2836
2657
353
2995
1030
3300
2420
1984
1531
1892
1097
1218
3575
844
27
1243
2217
14
1461
1163
839
138
2858
3376
2025
1821
2259
111
2464
1947
855
2039
169
317
1734
1619
3387
1331
555
3643
3247
2575
1346
3687
3194
3437
3401
3858
1722
1886
2750
835
1638
2205
3921
2141
406
3824
947
431
373
3598
600
1882
396
1609
2965
2817
188
3047
3655
2181
2242
3493
1673
2183
1534
1306
3712
3705
3566
227
2398
1013
3662
2333
1211
1116
3668
2290
2468
2125
367
2689
792
380
751
2828
3078
3481
2438
1932
3834
3401
3611
1757
3377
2890
2724
1900
1389
2443
3528
777
3310
360
2290
1572
3143
3499
636
2274
1087
1601
3736
549
1068
334
668
1012
1761
3588
2383
615
1873
1043
2355
1664
2847
3943
2498
1394
453
2392
3885
3975
757
671
3858
791
3936
1408
1472
1839
753
175
3301
1432
319
816
1686
2969
27
902
3331
3275
2734
278
2353
472
2893
2909
1021
1143
1753
337
1165
480
1819
424
907
937
1604
702
592
2328
1858
625
1058
826
1314
3822
3609
389
605
3064
1512
2377
1157
246
1014
1031
3831
3434
3361
2087
3974
899
2198
334
732
3337
2673
950
2344
1564
90
3744
1804
2605
3817
2527
812
3834
1587
286
484
3287
837
1987
1987
1223
2782
2872
726
3116
2771
985
3635
1455
696
1710
3513
636
3701
2171
1530
997
435
2968
437
817
1084
299
2976
2119
1311
1502
2134
669
368
1392
1421
2203
1756
2786
984
1431
843
3373
2912
825
1355
3156
2849
1297
3745
524
1025
493
3996
3883
606
3785
2084
1766
740
3710
3553
1925
1585
2089
2554
14
2615
1674
970
2553
1970
1458
2783
2093
2609
2892
1492
1963
822
3998
1931
775
696
2024
3470
1271
2592
3306
2720
3566
787
927
149
512
2735
53
2556
2430
434
1783
3382
3230
276
3379
3117
2107
1731
75
431
3476
1496
468
1061
431
818
578
2149
2793
3555
3687
3102
423
758
977
3281
1820
246
485
1939
942
3405
2447
827
2835
3137
2073
1120
2716
1063
1882
1452
3302
3949
1470
195
3832
403
219
3138
3841
738
1012
1251
3028
1454
517
2469
2096
379
2769
2660
1722
585
2114
3828
246
2181
1106
114
1067
1346
3672
3514
3659
856
19
1304
3621
2503
3257
3697
953
1738
663
804
2217
2713
2965
706
2827
221
3671
3417
3033
1954
521
2727
276
3818
75
1502
1810
1479
3246
3377
2794
3600
1096
3700
1377
79
500
3676
3565
34
10
298
3500
2098
772
2458
3801
2364
462
1903
3787
1128
104
2856
1218
3949
3466
658
2885
1821
1636
22
2490
710
3986
2880
2526
692
2449
1000
3819
596
1650
2166
2200
548
3247
1690
521
718
558
2709
2873
541
1249
1923
1333
249
2028
791
3393
3263
2765
901
3124
3808
1935
2495
1606
3238
1373
1278
1417
1738
1701
72
1228
2466
2628
800
2225
2468
3096
1671
133
1479
3286
2561
3973
3812
2844
3566
3604
2667
647
2811
3687
3375
2789
942
3308
3823
3447
1780
2434
3696
2533
2789
3166
27
3354
287
3679
831
1460
3507
3111
3350
505
3334
620
748
537
1131
1614
3346
40
1763
3663
839
8
3970
1520
1931
2075
34
2357
327
1398
90
770
2896
2952
3330
2263
2865
2333
1566
731
994
2221
756
3121
250
904
3435
1246
3846
309
1760
2497
1593
3290
1256
1417
1360
732
878
494
2683
3854
2654
1507
2363
1905
3298
1465
2506
734
3437
1573
604
2254
2923
78
1262
3119
2234
435
2336
3758
938
1442
1567
2052
1967
807
1900
2123
1424
3860
1142
2807
710
3505
2084
172
945
1570
3302
1882
2454
2724
2801
678
3193
2116
1281
3191
505
3348
2886
292
709
427
999
3900
1238
2803
3983
902
165
549
1563
3292
1491
1677
904
890
420
3675
339
1347
3395
150
2071
493
2572
3926
3584
422
1691
3976
2818
774
524
2132
2373
2834
2473
3843
2596
1322
2558
136
3693
2207
1021
626
2257
1798
1981
2497
2174
2244
1649
1313
2969
3694
3608
2796
3304
1401
622
2402
2022
610
3069
2367
1016
3859
421
2221
1963
3299
2714
3367
2058
3793
2247
3255
3820
3920
495
2437
2612
2570
2601
3932
616
1792
1495
1249
3876
329
2992
572
2893
146
3151
1758
2517
574
893
2869
2406
3209
3331
3693
756
3986
3487
2538
2436
11
1629
3343
2593
913
2813
126
1428
261
1035
2654
2309
162
3218
3241
3107
3608
3476
2145
2877
2591
938
183
3978
1023
293
1702
1665
1418
1526
1200
3804
3495
870
1903
871
1309
133
162
893
3910
1091
722
2909
1130
3675
1965
533
2940
3027
166
2186
2829
692
3345
2031
2725
3396
73
2941
1717
2405
3460
1509
193
2485
977
491
3554
507
3785
2557
3718
736
1079
2187
1528
2265
3434
619
313
2054
1648
2630
683
1638
2588
3816
415
298
3949
2951
1359
3012
2545
1664
3488
412
3510
3048
2456
1910
1433
3453
3995
1292
3881
2645
1602
635
2769
2222
820
2316
22
2765
1603
1283
3219
226
1952
1406
236
1962
240
628
1763
2949
3915
3073
1476
563
1770
1597
1257
2824
349
520
2995
1918
3656
3160
1617
2253
307
1093
999
2897
2086
2172
3285
2421
1771
1997
1791
2351
3299
2713
2924
3667
2857
3299
2100
1911
3474
1045
1582
3526
3632
3512
1465
2741
2634
1116
2144
1035
2406
2438
350
3834
518
450
220
92
1929
1078
3812
1811
2789
425
3721
1818
678
1400
3196
366
316
3499
2770
1724
3659
3004
3833
2144
1217
3492
1623
3354
1548
3301
1316
2986
1792
3038
2541
458
3675
2060
1689
1564
3866
1259
3003
3456
3495
3196
255
1895
3452
307
1399
1108
3862
710
3954
1168
3119
202
2430
2748
2580
1734
3900
3086
1342
3031
3383
3359
688
1787
243
1878
793
3655
943
1223
3327
3394
2308
1821
2143
2700
2319
1480
875
234
2017
1147
2561
3701
2102
682
2538
1399
3129
3259
2749
3750
355
1242
897
552
1302
582
3525
990
1887
3242
3314
3992
427
1431
2759
2567
2102
2994
1700
596
3514
1068
256
2099
2421
218
1559
32
1
3922
3181
2360
2331
3041
3121
1186
690
1112
910
3378
193
1502
2317
3721
381
2575
2087
3545
3946
3558
3070
684
2887
2660
36
1020
1055
321
272
377
3682
1810
805
2819
2444
2791
1194
3055
1380
3756
933
2413
3229
884
3265
1711
1967
2371
1999
2095
1779
3575
1350
1128
3742
3334
2550
348
2293
2731
3116
1162
3818
1830
617
3054
2032
1337
43
2298
2660
56
3288
111
2198
595
3236
2880
658
211
3974
2968
1048
826
1406
243
3409
3086
2879
140
141
1358
73
3497
2997
3823
1714
1006
2997
1159
2956
2584
2570
1010
2919
3058
1230
2919
1429
2865
2498
2818
2305
1544
954
3802
3781
833
1816
12
2564
1425
2441
3038
2717
2258
2070
3886
1864
3492
1698
3710
2851
249
1662
2854
818
357
3461
102
3524
1879
3364
3133
3655
2691
1078
3354
89
470
936
3136
3090
2305
3892
608
3830
3314
2106
3575
2163
235
1413
193
1791
2321
3796
1903
1462
2498
2604
2563
2120
3647
1469
3468
1281
2250
617
191
1113
1478
3028
3462
36
2323
1944
796
346
3587
3621
699
2437
433
1577
2492
3448
2161
3792
165
1801
147
3893
147
2337
2562
2807
3282
561
1831
707
1937
1614
3264
1405
216
3658
2421
2564
2733
525
3133
2630
3353
628
1224
3383
1961
2225
1272
2265
2387
3581
3444
2200
3554
2750
1685
2092
995
599
159
1604
837
3326
3744
521
1330
32
2813
305
1547
1172
810
2396
3391
3679
2083
1849
3503
1058
951
658
893
850
2644
3692
3626
1387
613
2427
1280
3449
3100
1584
1107
330
991
2573
3640
3949
2473
3035
933
1771
3759
1205
3245
449
378
1108
3712
3809
1402
2532
3495
2095
420
748
2284
1565
3667
914
2520
3576
2308
961
211
509
2209
3226
1453
3920
2035
1832
2450
280
3795
2413
1422
2279
2502
1905
1540
2336
439
1810
2461
1609
3230
501
1467
3473
1050
1024
547
1040
2245
3881
2736
1988
1372
1429
1411
3147
52
802
1507
1700
533
265
3200
3419
3826
1292
2328
363
2364
2626
47
546
3220
1357
1465
806
2476
2925
744
2305
2510
911
1201
2244
1769
3649
552
2582
3636
7
835
3543
926
3865
2675
1087
198
3644
2487
3739
1518
3566
2515
1659
2714
198
226
3869
1595
1898
1000
2545
2068
1442
2080
344
1553
3937
282
697
1820
2212
1318
1169
2484
3189
2837
1174
2028
2697
3922
1654
2094
1261
2771
1118
473
1972
203
3485
961
709
1487
1828
1553
71
489
3465
3854
2039
3273
1767
953
2092
3610
573
2303
278
2762
1775
3494
1598
1115
3750
3732
3625
2485
3635
838
3673
2135
899
3589
639
2927
1226
3886
1427
3566
3722
1622
137
3500
2716
3710
1316
1851
1185
342
1852
1310
2402
3491
1312
1466
388
2
3021
3378
1315
3204
1728
1714
1283
2614
2224
3418
3230
1715
3864
1022
1757
3443
967
2284
3831
2959
3820
2179
2089
911
2033
3638
2048
445
129
3202
1721
3258
1750
1267
1023
644
2728
2714
2592
803
743
3818
1683
275
2110
683
2976
3205
3347
330
1805
3565
1944
2067
2435
3662
2502
1078
1757
2836
1947
344
1271
2380
2838
3224
2334
244
2549
1099
2570
2465
3081
3714
3665
1253
211
1296
2643
2465
1170
2944
3962
1119
3371
22
2086
781
2979
3216
93
790
2190
1527
2755
2139
1310
527
1875
126
635
1184
557
2443
1283
721
3522
1273
1113
3604
1454
434
2215
3237
1549
2024
1911
3104
2295
583
1345
2157
1678
2167
3249
2238
2903
1567
242
2423
3698
2953
508
2658
406
3868
1033
1593
791
1738
2224
2769
3929
2267
1234
3028
3133
208
1276
1337
3061
2367
2034
282
1929
88
418
1501
2972
55
441
948
2192
1670
2102
3802
2190
2125
436
1913
2797
274
3282
72
2263
3526
2022
451
795
308
423
1767
2180
873
3306
937
3653
2201
1885
1430
157
3193
2033
2585
3247
824
253
2171
1746
479
720
3132
451
2613
38
3892
578
3380
2363
2794
1632
714
1484
3784
2156
3181
1933
3396
3940
2267
3505
3907
197
320
1073
1066
2656
2630
2873
3328
1612
1053
3675
1247
1440
1677
1810
2122
3798
1703
2434
2432
1789
692
269
2618
406
2211
3702
3304
1217
167
2583
838
226
1343
2140
2873
3529
1381
132
363
2481
1975
406
1235
1735
25
3951
2118
2532
1865
3249
1749
2267
1719
161
1088
268
2465
3974
2118
3031
676
3402
928
265
1389
1803
3900
1362
3019
965
1659
2008
3931
2177
867
3238
2529
2530
875
2602
2375
3901
1519
3888
3206
3274
1603
3037
1549
3691
311
1736
1830
1531
1670
3495
2328
2876
2372
1228
2820
379
3998
1292
2418
3802
1514
2777
696
3754
3352
1510
1390
1114
3671
2908
3499
1621
1752
2200
2607
173
3408
566
1590
218
2272
3494
3068
3866
3612
1781
1706
3695
1526
986
1562
1156
1557
936
3923
2773
858
3274
3685
1977
3387
3194
1236
113
3067
3045
409
2912
1268
1358
1738
3267
2196
2531
375
3744
3203
2889
2257
43
3486
2249
405
3514
498
3452
2723
3195
2549
212
562
2037
1868
3658
408
1471
3905
3997
1845
3004
982
1585
916
594
3348
3791
825
2473
1458
1282
2065
3713
2777
1163
2824
2300
2366
1743
2656
3692
3095
2718
307
555
3626
2559
3378
2697
1182
3104
2740
453
3666
3889
450
3484
696
228
1778
1666
2650
3404
2589
114
3427
20
1084
287
1653
2540
3928
1988
1696
854
3229
1291
3491
64
2537
877
3709
2750
3807
561
1381
3637
675
2469
362
2502
1772
2255
3475
2509
3191
1935
585
3247
584
2280
1821
1518
532
1254
2115
625
210
2192
1468
133
2048
1420
1141
404
2344
112
864
2032
1164
2375
2184
1099
311
2498
919
345
3338
2264
1241
1837
2265
1357
2866
1706
1696
1345
171
3720
3097
2229
1557
775
1628
1185
1530
2586
3461
845
2876
488
1537
415
181
3665
819
875
489
3645
1927
1604
3211
826
541
2489
3876
2579
2597
3776
3156
1053
1298
2500
989
1271
3487
1563
3430
661
3472
2300
2096
3411
3123
2297
3895
88
3646
418
3371
3336
2876
1462
2331
1082
2702
149
949
1229
3598
1564
739
1880
2258
3081
195
1236
1077
1682
1757
3230
2357
614
662
1618
509
3509
2774
3670
157
726
3443
1915
689
1690
2017
678
2398
3180
1267
1843
2058
2156
1367
666
11
1715
371
233
1272
235
2236
2411
154
1689
3643
1070
896
3168
925
1879
1569
3671
458
490
3131
2900
1860
2009
3787
3705
3875
2111
1601
1005
1265
3850
2520
3826
3495
2488
1618
397
841
570
1881
2519
3973
1635
2987
2846
1680
1785
3475
1026
2953
1263
2463
421
2644
3099
3779
971
3966
2536
879
1022
3504
2190
149
3505
304
3858
2076
2941
3220
1494
3734
1498
503
3162
847
1577
3260
1702
2506
2191
3892
978
3203
1442
3677
989
709
102
2731
1040
3946
2982
2964
604
3113
647
155
804
2263
931
2019
1452
2469
2793
269
1006
570
3762
148
2362
1737
1009
800
3277
3426
3087
442
908
3690
2427
2897
851
3722
2352
1841
1710
1774
2497
3256
3655
878
3182
1613
3164
3313
2772
1480
1820
18
2598
3666
18
2955
3675
2811
784
3446
1707
782
2740
644
868
982
2877
2416
2156
2412
715
2587
106
3835
1403
3026
2125
330
1689
1442
3246
3361
109
1643
1452
1561
880
3213
2582
512
3229
1217
340
337
1781
2872
3593
1814
3847
3554
3681
3791
2478
77
2947
2002
940
1601
19
3001
604
2812
261
3437
56
1955
1447
3210
518
3459
1135
634
3759
3520
2608
821
3782
2367
1051
1866
3065
3468
2121
3053
2664
2594
3397
1612
3483
606
1218
1377
1903
1436
2102
2292
3186
2090
2412
185
1912
3449
1640
3596
1218
56
1456
141
3070
979
2879
89
855
3490
3746
248
2250
2209
3695
2418
310
1208
2918
3480
136
884
696
1931
185
2829
3368
631
177
321
316
3967
26
3549
1932
2149
117
1017
3677
1283
426
480
882
1423
3158
16
1450
1932
743
2674
955
3578
3273
1762
2629
3548
3432
3849
758
2871
614
3140
140
1086
431
3655
2211
852
655
506
877
2482
161
168
2405
928
1836
3272
2552
1268
2309
471
1772
593
1532
3316
582
66
479
3714
1364
1175
2244
2034
3807
758
584
1232
2485
1779
3554
767
3636
2384
3302
2238
3536
1020
488
3251
1451
26
1361
1137
1613
1548
2862
3812
234
3131
632
2279
690
786
2128
3215
1533
1019
1039
3769
2284
2567
932
1984
216
1663
434
2176
2093
1946
1210
3435
2814
738
686
3292
3647
30
2572
1854
1691
1366
364
2173
462
265
99
3150
3089
1620
2402
1615
1457
3510
514
545
930
50
1770
2652
1125
1107
2345
850
3763
2014
528
919
3521
812
1232
1159
3246
1575
874
14
3772
9
541
3914
506
2230
3713
2389
627
3382
283
3312
2415
2536
1870
754
2011
2742
1282
660
782
1056
2079
2367
675
3664
3883
1851
1816
2703
81
619
2751
3684
3871
485
3583
3559
2670
666
392
3688
3596
2743
3038
1353
2815
2684
1832
946
3244
589
3340
1743
202
3872
3811
2971
1968
3307
3700
2013
2636
2289
2410
2514
1046
2384
990
2456
2655
3395
2678
570
2466
627
3665
607
1497
3316
3782
1404
3065
2548
2620
1548
2411
475
2287
2055
2958
1673
1071
1533
3529
1076
2325
1669
2473
2019
1681
1670
2240
2061
2631
1000
3231
2350
76
2639
1272
2130
2275
1404
2104
3792
802
2140
1294
3624
822
281
1138
967
363
2954
300
3946
1004
1769
2647
3133
287
1076
2052
3070
143
3302
2059
2837
2038
1247
3912
3167
1238
2496
3928
3908
1736
1213
522
2414
1374
660
2316
771
2350
1617
2001
2941
439
2430
1359
2672
2701
2037
106
597
2410
3571
1053
1672
2064
3482
3326
3043
3189
2316
2814
511
2350
41
2435
1159
3760
3333
1866
3481
2877
154
1042
1966
1167
2291
2283
2331
1662
380
3207
2879
2565
3374
3405
2211
845
3873
702
3132
1165
36
1251
2584
3394
322
224
558
2284
3334
245
2223
1931
3825
1389
875
609
1887
12
2682
1118
353
2507
373
2751
2379
3651
2032
3918
3830
3170
1878
914
1835
523
211
951
3013
2845
1377
2690
2881
2308
2216
2911
1924
3443
3456
3504
1229
429
3403
3968
2276
3905
300
1487
1852
1860
35
238
3442
815
1620
2447
3289
1827
1230
3589
2670
196
1996
3415
943
2349
766
2321
89
786
643
958
40
780
363
2020
1530
2152
2169
3158
427
358
1841
310
830
2365
2788
1971
2491
645
3421
3707
2271
2502
3975
1633
1469
3199
2385
3037
3154
1242
1759
1686
3148
3367
3807
3590
2829
2734
2609
3547
2160
3506
2576
1369
2807
861
930
15
3192
2190
3235
1493
1126
1921
1854
1241
354
1981
2987
1439
905
1618
1219
445
2914
3702
1512
263
329
2207
783
2474
3965
3411
354
3052
2217
3872
3660
1234
3982
3690
1876
278
3176
601
2177
928
657
1765
3768
255
3380
3372
3684
1504
2714
3825
900
3248
355
228
3879
1318
2974
806
3833
1052
2395
202
3240
3798
229
2355
1241
1780
1525
126
2786
2680
630
2806
1801
1339
2021
1647
2451
3664
1148
3439
122
3568
973
2054
1816
199
3746
3514
571
915
871
2266
1417
757
2386
773
1570
457
144
3857
84
1368
1039
2801
142
1274
3265
457
2258
1037
3478
525
2090
2410
2284
11
3615
146
3142
1957
3271
3677
338
368
3838
2375
1063
1890
2935
2363
3314
1405
1506
663
578
3613
2813
1688
420
1081
2646
1119
678
2710
3543
1281
133
1211
1976
2053
2335
3455
3075
1925
1562
3703
1993
1221
71
317
1135
854
2587
481
495
3996
1604
2371
706
3050
2697
1119
3098
1183
1538
2660
2809
203
3278
621
1741
2096
3319
1159
3855
3668
1794
3004
842
3047
1473
363
1490
1568
583
3364
1223
3983
440
200
2844
2887
104
235
2973
323
3185
1912
183
3869
571
543
2115
1911
2184
2745
3960
2960
473
1846
168
2597
2087
1911
1594
2452
3728
1779
2042
450
2116
1801
682
295
149
3876
1677
2491
3109
3162
3146
1301
2792
1812
618
1324
619
2709
3810
2263
1736
1766
55
1101
442
1448
1370
1968
9
753
3670
1730
1453
3202
1311
1185
615
133
2581
931
1035
1856
714
251
856
2102
2494
2257
828
3371
748
2647
3834
1011
2840
2484
3509
3668
645
1216
772
1365
856
3914
3577
922
956
3888
2543
3172
3620
429
819
1514
3566
2868
3640
397
3605
3613
2691
1651
3632
361
1032
3854
525
576
544
3686
2311
3577
1140
1214
1562
3062
1454
547
341
1859
2534
3321
1505
1518
1298
3964
3650
258
725
1574
2997
1479
596
2388
751
3870
2315
111
1180
2938
3912
248
1338
3730
188
18
424
3848
2728
2384
1914
2471
243
226
1480
1574
1518
613
1183
3444
829
1843
2439
3220
3226
1301
1942
252
2758
3722
1115
1897
2444
21
922
2681
2292
1806
293
187
3477
512
3266
2610
967
1389
2480
3940
2182
3765
3175
215
3261
396
1651
2169
3978
3585
564
3962
3436
1829
1223
24
1628
1434
1898
2947
666
1928
377
3878
2103
3535
1655
68
1926
1481
2170
1701
997
344
885
1964
50
2724
1345
1344
1601
2085
2435
3173
444
3052
1862
929
3771
2529
3063
2054
284
2696
3530
1262
2599
1034
3208
2388
779
2452
872
2264
3062
2565
936
3927
3382
2132
2326
2893
824
510
1121
217
2594
2178
2072
718
1365
3006
1996
1409
2603
1395
1592
1904
3376
3142
3006
1785
671
1073
1788
284
1719
2401
2494
625
2675
2883
1950
1759
2397
1284
2911
228
1327
3055
3996
3850
1613
1125
1219
2392
3068
3575
2317
1576
67
791
3919
2343
411
1998
1945
3027
2658
195
518
1332
3665
1245
2839
264
3902
2803
2339
3975
2085
167
991
386
1326
1895
2631
2989
3335
3042
2333
119
2240
2042
2577
2771
1689
471
2317
3096
0
3178
783
2520
1325
2448
1186
1841
1602
3910
2939
3180
566
3398
1661
2720
1856
1692
1481
3924
1542
925
792
2984
2061
3098
3711
647
1600
2550
1106
1646
2069
2031
2407
2441
1758
378
3937
2800
2047
87
1416
348
1805
1346
2046
198
2161
3017
3468
1484
1478
3201
2302
2544
2611
1748
1785
3585
3410
2406
1990
3300
2524
21
49
2015
1511
2890
3023
1828
3435
3415
2879
1673
3964
2615
72
675
2636
267
3413
1641
289
3855
1275
1781
3640
3237
3890
1989
968
1750
1012
1916
2425
1944
270
456
3919
3528
3662
1227
464
255
544
3306
1888
1498
198
3223
1092
3745
125
1575
1985
643
3075
3701
835
2498
3544
718
88
3953
262
1
2306
2673
550
403
3652
3984
264
2322
3124
2574
2403
3707
3163
3355
1062
3867
927
2603
861
981
359
2271
2924
840
2813
2584
3413
402
3476
1987
3093
2572
1314
189
2132
2365
3275
2857
2462
3514
571
2564
2828
1724
2129
2313
2937
3685
3532
2489
2605
448
2540
516
1178
3689
2891
2307
2271
2643
3651
2890
1539
701
1266
3574
1484
2513
3482
2554
1564
308
882
516
2633
903
417
582
524
3090
693
3787
3153
3134
2283
2172
3627
109
1465
650
1236
2275
3252
43
2216
3145
1395
1002
3227
15
2022
2814
286
3102
2019
2058
760
1320
2046
1286
3165
1707
1640
3598
597
723
2495
2939
1613
3812
1683
3333
2431
3707
3434
3900
72
3825
2363
3543
1146
1626
2016
1314
2437
1720
188
3957
2926
316
1569
1065
1129
3874
2047
1838
609
1589
3976
934
246
927
1356
140
2481
1759
2664
1064
1592
3824
1402
1213
1222
3367
3975
3898
924
3966
3594
522
2367
3855
3973
1547
1033
437
2615
799
1285
1506
1820
1633
1381
494
3977
1058
3414
318
3034
1838
3725
966
2438
919
871
3345
1155
992
837
776
2743
1007
2346
1830
1865
3365
1698
2249
2382
2629
1048
2275
3396
2603
1185
3987
2285
1065
2327
1289
41
1512
860
3167
133
3560
2187
2863
1833
3312
1990
464
1023
70
223
3663
118
1516
2546
3437
2524
2893
1637
212
1135
1544
3711
582
3013
1430
1133
1826
1877
627
3701
1580
2607
2314
3938
3629
2197
2245
1291
2194
3565
1853
3806
2879
955
1996
2428
3089
2662
3058
3943
780
1847
3276
557
685
52
1346
783
1382
3277
814
3956
2240
74
3863
3614
3202
1394
1720
1921
3053
2733
3224
834
3872
1627
1159
3785
607
2756
1087
1103
95
2555
2734
1937
526
1058
1433
3430
2791
1324
2943
3252
505
3184
2889
2320
3106
1588
1366
2459
2508
3493
1135
3977
771
2975
391
279
1785
1039
1019
3783
824
1466
2125
1482
774
658
2304
2422
375
1356
3817
3788
2183
3538
3622
2534
1868
2096
1368
2093
2236
2293
1698
2798
1124
2878
1916
3416
1374
3508
1485
917
3148
26
3135
17
488
1237
2295
3888
1158
1991
1920
2897
3875
1214
1021
930
2192
543
1060
1719
81
3064
3551
702
3397
2397
634
129
3014
110
3779
2029
2268
1856
2893
2062
2766
946
3688
447
2491
1862
3372
2717
508
1861
992
1950
1984
2570
3165
2436
113
1785
2202
3321
484
1395
1849
643
2725
617
2715
2159
1923
2319
930
16
2461
231
1998
805
3356
1292
1238
2028
3549
3120
3730
2610
2015
758
3511
2225
3268
3480
1269
2997
1030
3120
2110
281
3667
77
2258
1682
2546
898
2218
3200
2703
2682
2331
1140
488
1898
2335
92
3976
106
3251
678
2555
2919
2057
3014
3073
2446
3045
2026
2039
995
2502
1558
3482
450
1768
1494
1781
1548
16
2531
2092
505
1572
914
3846
1549
2420
1350
2385
3275
1012
323
1804
1455
3383
3207
3576
1715
1000
3494
2931
3327
346
1803
2264
801
1170
506
3921
2034
3897
1365
2409
1411
3396
2819
2129
1161
3271
957
3524
3155
526
2655
204
3643
767
1648
823
1545
3053
2811
109
2061
2407
2152
1661
2506
932
357
1740
3488
2307
3458
66
670
2025
2261
3541
3265
1499
1323
1026
2658
2662
2271
3959
3085
3567
406
2075
755
1890
3190
3151
1697
3345
3948
2458
1695
2990
3701
448
3465
206
2608
1423
3715
3731
1309
146
91
755
2959
3676
3853
1368
1717
697
2202
3534
1825
3175
2374
881
3643
372
2143
326
606
1551
3838
1022
1177
3466
2070
1429
3700
1582
1362
2270
1395
3918
2884
2249
3300
2930
2869
3879
2661
2152
1567
970
1883
1106
2431
3589
3304
944
2974
3826
2544
1991
2245
2989
2925
1116
1333
3933
1876
583
1738
1609
1446
3036
3211
1193
2128
2444
1258
144
722
3088
570
39
3114
1785
3024
3511
1337
2071
3
3390
2357
1003
2783
3732
3876
1740
3748
2970
3184
3830
1120
2683
819
3783
2190
3615
3845
1019
3850
2810
3641
91
2951
3681
604
1104
2169
900
3540
3300
1723
2620
2421
1028
2788
3155
3532
2591
2184
1218
1944
2851
2929
3553
1004
3911
1434
172
3160
3030
3380
1599
3793
434
2728
1473
3269
3594
2965
928
2264
143
1270
2655
1594
79
1002
2781
1999
119
1203
565
2675
3111
3121
910
773
1102
3970
2910
1660
3548
3401
2335
618
88
3296
2622
3743
3644
2983
3294
70
2963
2890
2132
2022
2062
1108
1249
1646
2914
387
2375
1874
2215
3215
1059
3012
2713
1775
595
3350
2506
725
2827
795
328
968
1661
436
2660
3725
2940
1917
3080
652
106
2155
1725
3642
2006
3045
663
2251
1684
1586
2024
1252
2174
2920
3336
3352
473
411
3043
522
1596
2485
2512
1197
2409
1614
2399
2305
3107
1418
2035
2666
3441
1304
1453
2060
882
1779
3899
3051
2849
1607
3838
493
168
2622
175
2730
3215
2290
3608
2460
774
1708
1223
122
2136
1784
3420
2583
941
1867
2475
666
2306
3262
788
219
2884
2331
2355
2225
562
3745
2480
2796
3564
2457
103
937
1174
2409
904
3670
181
943
2796
113
834
1722
1604
3703
3098
2125
280
1207
2588
2272
1996
1611
1562
266
3777
2656
46
3963
386
353
2683
3784
2368
84
2357
697
3914
3890
2182
2471
801
2562
2134
2087
3623
586
2855
155
1772
1016
1401
1684
3480
3599
2362
1349
3951
2063
23
3483
3082
605
1891
1604
3542
3570
3931
626
1993
675
2362
1472
1881
42
2822
2470
1452
1907
2988
1587
2284
1753
285
2346
2297
865
3464
3967
2004
3688
2239
2518
996
104
853
1712
1927
1789
638
2496
661
312
318
1059
1249
774
3968
1028
3479
207
1686
1878
2087
786
93
1514
3339
1615
3062
666
16
2730
1404
1751
2833
2373
124
3418
1813
369
3140
3489
3104
2186
3531
512
2424
2335
2234
1556
3293
690
1799
2960
1045
3388
2307
2589
2633
1302
950
1967
427
2186
3800
477
1399
3499
1308
474
1531
3364
1157
1519
1789
79
2395
2935
1084
1850
2373
2906
3929
87
46
474
3943
145
3539
2158
2857
1859
2593
1460
1958
3155
1978
1819
1433
3805
1766
1499
1193
2981
2772
3746
3111
2420
3300
622
2823
3734
3914
641
29
2613
2911
3011
895
728
3960
3932
874
81
1251
918
2596
977
93
2443
1597
3855
1158
2769
1220
2211
3561
3747
2899
3841
3106
3929
338
2507
1942
3141
2560
1080
814
2528
1384
421
1465
2067
146
2146
3295
347
3219
3944
3701
3634
459
1938
2161
3475
3720
3823
1128
340
2531
3204
3319
790
589
3469
2394
1671
2675
2329
1879
1087
1981
694
3894
2357
712
3783
2919
3182
3592
931
1637
3332
3456
608
1365
591
2818
3739
2276
3530
3239
2182
76
3258
3052
997
1563
166
2894
63
3284
1786
3178
3125
2420
1966
3987
2484
1009
2597
1929
2224
198
2308
2518
2019
2000
228
3661
486
299
3792
3496
2747
1669
1934
2747
1529
2886
1722
3562
2426
3379
3926
2744
3468
3865
189
285
1051
3015
3959
1737
2752
3029
2270
2912
3497
3227
101
2874
619
2381
2570
1183
538
1854
3811
3240
625
768
397
2569
3310
331
1177
2968
1673
2735
3104
2923
2300
2802
1327
597
1970
3591
3421
335
158
1526
3616
3885
3814
1387
1916
3672
3698
2995
1382
3619
1044
382
3371
899
3925
3720
1078
3114
3223
874
3671
197
3978
2786
1366
798
2915
356
609
1534
2815
1576
3157
2373
2550
2522
3266
1653
208
203
1551
2855
2388
1027
281
1576
234
3666
1639
2372
2177
2130
3475
1767
1805
3421
162
2752
3648
118
1130
462
1933
1927
3059
2367
1659
3861
171
790
760
2562
2831
2072
179
3232
827
3168
390
3762
2301
973
3777
3168
2039
2731
866
1038
3384
1491
3276
486
1030
3051
2261
2895
920
1622
1163
590
1285
1949
1103
3166
1503
2102
723
973
2257
2332
2499
40
2519
3615
7
3230
895
3905
3805
3578
665
618
1207
511
2582
3067
2283
725
1451
3839
711
2066
1866
1545
894
3104
1958
3976
1070
1104
2798
3078
2787
1251
131
3960
969
2125
2720
291
3323
2512
544
3862
592
725
3785
2242
2738
3349
3870
1839
220
533
1239
1175
824
2616
792
3747
1294
2786
2507
3745
1810
3109
1994
3012
3810
686
1918
2194
1952
1914
3820
1581
692
305
799
2691
1294
2779
3943
571
1146
2884
2302
3192
1938
1986
3081
2155
13
1185
3770
2919
1772
1600
429
3363
1121
3623
118
1857
3403
1795
488
3385
3402
800
3021
2316
204
1204
3856
2567
2130
1413
3027
2760
2719
2459
3334
1259
61
2820
602
402
1899
1256
3026
3621
3249
3113
66
2630
693
467
3718
1469
3945
1735
903
789
380
1557
3642
374
3541
1095
2468
783
1326
2776
57
1804
1377
3412
2372
3423
1258
1466
187
1425
1264
1475
1132
3676
2594
3707
1759
3536
3612
1194
1859
17
451
1742
2977
0
1218
1095
1022
3355
1200
592
2056
2995
21
3721
431
1255
2743
1221
1312
2165
3723
2799
1606
248
2062
1171
1113
3439
2036
3125
3402
2524
966
578
3170
340
3096
3030
2450
439
519
446
1652
2474
1292
2635
754
2187
95
3155
2210
2625
3899
33
507
1870
40
2604
2725
2959
3943
255
986
1179
2190
3519
1596
3601
4
2104
1600
14
525
439
1893
3207
1506
3025
284
1582
3912
3805
1365
3803
1464
2629
2304
661
1671
2984
2917
579
3987
1214
2759
3289
705
2686
2512
2697
2996
866
3458
3710
3234
2254
3380
804
847
777
3
2707
719
431
483
1228
1966
341
3544
2188
1735
1858
871
75
2675
2203
3188
1433
2717
2597
1889
2593
1154
2514
1670
2935
1897
3202
1037
1424
2050
2698
2341
1044
2915
3004
3853
913
3209
3586
3795
1553
2973
2279
1255
2240
1560
790
1372
9
2348
2657
2053
2574
3845
3378
46
2614
1
3763
2052
2224
3535
956
1098
1340
3813
1408
3770
2747
2382
675
3097
119
2846
2830
34
2836
1305
2027
1117
2446
2676
701
2284
2103
3055
3156
1395
3123
1329
1415
688
2210
1370
1627
2687
2745
3875
1383
3678
1588
1469
2101
3994
156
2717
1962
3299
1805
2586
1973
3185
3654
1402
1956
2246
2510
2618
1133
3563
297
1268
1008
3723
1310
2106
1122
3575
3399
806
2905
2661
1250
2857
2590
2120
2382
951
1212
1840
835
1011
2464
3849
861
127
1325
1876
695
3668
3691
2345
974
2166
2174
2250
3687
1178
3049
2289
3518
2156
452
3400
2690
3604
1835
1072
3383
1243
3349
2592
2656
3190
391
3697
3271
3380
2791
701
649
3568
2082
2732
270
1483
19
3005
54
917
43
625
801
415
1900
917
944
3814
268
2167
794
1038
3108
1368
1952
243
3136
2490
1589
2643
2225
444
3145
2073
1866
1254
1827
2047
3158
283
3657
3202
967
793
2479
3058
1787
2305
3233
1752
2866
3713
423
1182
3071
416
2002
234
1636
976
2507
2598
2747
1321
2977
1064
67
696
1330
647
135
2821
3546
1275
404
1619
378
482
2880
3367
2638
3707
873
3908
3130
837
3146
1610
3657
1624
3760
121
2635
2425
3217
1971
2535
1875
1245
1145
1225
489
81
1713
1769
2579
3457
1025
719
423
50
2015
3516
3310
1738
2359
3107
939
3427
3742
602
249
648
2807
1036
3869
238
1599
3291
3186
1268
1160
3375
3809
651
2222
2086
3212
410
1029
3218
1735
2962
49
1835
2820
637
3649
2551
2665
2280
3389
3467
1863
1446
3128
1627
2345
3239
278
2575
91
3472
2935
2393
3611
2485
2016
3244
2886
3278
630
2916
1503
3527
2436
3460
32
2071
3466
1154
420
2546
1124
1661
2337
2440
2982
508
801
610
1595
743
502
3808
2980
3117
637
1961
2401
2479
1354
3861
537
2797
1764
1188
1422
440
3792
2231
3182
3076
1960
1607
119
3651
927
1941
3431
2046
176
801
1369
827
3046
2741
2988
1341
936
1268
1376
3126
1673
3032
1888
1305
695
2621
1951
1142
3537
337
303
873
3227
2035
1017
1989
913
1540
1805
28
512
3560
1643
3294
3191
3224
2761
3265
1360
2486
1917
3733
650
1866
1520
160
2409
3486
2595
3872
1859
3341
2170
2185
2322
3270
3357
1643
3476
79
476
3261
3616
2736
1881
2315
2498
2234
2382
994
849
416
3946
2979
1659
1950
3992
3724
3247
3920
1870
1315
2936
516
1210
678
2362
3034
3866
1503
376
2102
2050
1810
3794
1719
207
201
2840
3583
3393
2890
1368
1423
2354
125
69
661
2980
3338
3004
1209
674
1092
3890
2270
3804
3336
279
2315
685
3384
3978
816
19
3258
1756
3438
2024
1588
803
54
1280
849
453
2260
3412
2674
2112
3147
3769
1205
1587
2175
242
3322
1203
2819
3206
965
1073
3125
1096
1038
556
1589
1890
2705
3443
1243
3638
788
612
1482
2825
2959
3272
1371
1641
39
2753
3344
1375
2555
3235
3263
1531
3458
1494
3834
2247
3515
687
3728
2552
2247
1604
1775
3642
998
1342
2850
3005
321
2578
2051
593
676
1513
2471
3686
22
1850
2454
881
3413
1016
3398
1323
1704
2632
3540
511
1175
1885
2010
2167
1462
789
39
3243
1620
541
787
3166
1150
3297
3768
3901
3575
74
3343
320
649
3561
1347
3487
1195
110
2302
187
3658
2558
1348
1795
2110
1910
279
177
1124
2412
1452
1691
3421
2518
830
1000
1361
3275
1891
3791
2292
493
1611
281
1388
115
2041
3382
3176
1938
289
1985
2042
2575
3396
3869
1118
628
3179
762
2762
3392
2464
654
2451
1222
2074
102
2083
2548
2325
1318
1433
2874
2879
3639
1862
1661
1297
587
1684
1034
2115
1478
2619
3248
1253
1318
2105
2846
959
369
2513
3115
2511
1068
1453
1061
1110
2108
2369
1593
2436
2309
2085
2309
2983
900
1718
74
2170
2259
3975
3890
1010
1162
2911
2765
1969
3639
1030
221
3595
887
2105
2160
1812
87
1626
2854
1238
2895
3498
3139
627
1450
3367
2803
3098
2810
3250
326
65
2498
2844
2540
1093
804
468
120
3611
809
2176
544
2235
2620
47
886
3473
3963
209
3231
2886
3537
1582
1751
3535
1372
2612
2704
3850
938
890
3636
727
2844
1601
1574
3131
1739
2941
1513
998
3906
918
2568
1940
2963
3045
1598
1048
3804
1482
1399
3348
35
3821
2751
2930
1417
195
3681
62
3561
3723
3877
917
3464
3052
167
2157
2605
1413
3589
732
3600
68
3770
3443
2027
2059
2715
1697
1043
1031
1543
1749
243
2019
2405
2408
1065
1512
1366
700
1437
3928
751
1121
3356
3361
3243
2711
3389
1301
2029
1394
1669
367
2315
1011
3645
637
1256
1913
2451
2904
3887
1279
2921
728
585
2130
1684
2196
1533
2733
2521
1972
3957
263
2993
2679
191
3687
506
104
1518
1921
1118
193
2172
2348
1482
3624
1066
2366
2415
1472
3952
1939
1520
625
1633
1562
828
2968
2124
3409
3514
2599
88
1417
3270
1279
3221
2362
3249
2035
3947
2679
999
1518
1919
2428
3296
323
3167
2388
1572
432
2125
3167
2290
3410
574
3096
89
1308
522
512
543
1430
2448
1684
3062
2058
3991
1714
121
1332
1389
3215
538
2073
3314
2798
2703
3768
2314
3247
2973
2213
1256
3597
2635
2051
1439
3922
278
3839
216
1934
2632
3756
2108
3702
1084
1546
2112
131
1057
1591
286
2369
2535
1593
1235
697
2536
1596
2812
3313
2515
124
3815
2565
785
491
107
3305
1395
57
2948
3016
1836
36
2989
2463
2778
268
3650
1332
55
1260
376
2442
3098
2052
3920
2425
391
1585
3394
1643
143
3548
1428
591
281
3753
2428
2779
690
2006
475
3443
410
1244
131
1347
586
237
2078
3426
2783
341
3432
1738
2161
639
3470
2035
3538
2159
1891
2849
577
1466
1705
3206
3175
850
3034
3510
1929
3352
3077
1850
1130
412
3145
2609
43
1223
2731
2817
3923
2364
415
2295
2235
3039
2886
3467
3626
1177
2036
2430
2989
2684
2969
333
3778
715
2584
3538
660
216
3890
210
1302
3858
3220
2866
683
930
3429
3306
1950
674
3142
3763
2009
78
2385
2409
286
308
1995
3991
390
2173
2705
3250
2998
2392
560
374
3136
1887
2218
1460
3462
379
1656
3213
757
1289
1557
291
484
484
2614
2943
3613
2232
475
1543
505
163
343
778
3580
3920
259
3627
1275
3222
862
1813
3456
2900
1564
2983
2841
1128
3426
1977
3669
3204
3436
54
3391
2279
2916
1949
2376
2878
1979
897
3779
607
2369
331
755
304
1651
1830
2811
1409
405
2755
3694
2478
3935
3479
1948
3235
2207
92
3414
578
735
1600
3980
1156
3242
479
2605
1510
152
2225
370
851
988
1765
1619
2332
817
1664
1654
3059
3558
2220
2844
3485
2426
1218
1551
2635
3668
3699
1871
1131
3558
3018
186
2716
3502
1572
521
3269
381
2651
1916
77
3837
1469
2055
2998
3503
3454
3972
3824
1656
1299
1586
2095
2618
971
1325
2453
3253
888
3632
1976
1259
1557
1805
3976
3814
3128
191
2477
2041
2672
2740
2383
1762
173
597
3145
31
3569
721
3696
2262
2731
2489
2273
927
2563
3935
3023
637
328
837
920
3589
432
3875
216
1778
747
3023
623
2204
3202
1018
819
619
1373
131
2611
2490
1176
517
805
426
2974
3882
2743
3050
2821
2773
3678
3610
130
1442
3636
1573
2875
705
1527
1734
112
2004
3210
1107
1383
2989
3861
87
3308
503
52
627
889
3911
452
3805
3538
1134
157
268
1186
1254
1132
1316
1584
3724
1605
1245
3065
354
2720
3108
971
2513
3634
3674
1971
60
1741
92
3477
891
238
2020
197
2277
3012
2832
1865
940
435
3728
3105
3522
118
2017
1917
3612
725
2306
1224
985
77
2875
1439
2257
548
2782
2613
852
3403
320
1354
244
1657
177
1954
2201
3448
1647
2383
1368
2383
2403
2875
2726
1575
2465
2210
2167
420
1674
2233
1414
738
432
1233
1013
2170
2179
2613
2130
2769
2210
2542
643
2315
521
794
313
2156
1687
1496
3434
414
841
1978
681
635
2810
535
2111
2271
2494
587
3766
1481
1634
775
2030
2154
2897
376
1236
113
1935
3074
580
2575
3683
1450
2924
2864
2632
2831
2752
3765
3367
721
3024
1780
2791
598
3454
1325
3417
481
3004
2549
1103
726
3149
2111
2635
2854
2020
3320
1898
865
2742
1796
1973
955
3947
2262
2672
3804
449
860
574
2564
1103
3076
1850
3337
504
737
2328
772
1060
2839
1638
286
1053
2548
1757
1241
410
2662
3849
130
2313
3956
719
2225
2097
2919
1768
2548
1747
2959
2396
3860
2124
2838
401
2385
3763
3001
1696
1240
2045
201
1832
744
1202
363
2371
2152
655
3910
2346
827
543
2696
1564
452
431
1372
2870
2052
584
639
3777
3172
2076
3994
1062
677
3510
516
3682
1911
1912
1885
3110
1908
3797
3400
2617
410
464
1170
382
2412
1090
3413
3787
2031
2051
1437
1669
1434
546
368
3115
2029
3396
3547
2962
2515
2706
1603
3538
2730
160
2608
1206
3592
3056
970
2081
3152
2346
3913
3251
2163
1604
2332
3309
1718
1476
2330
3262
2574
3508
2380
2942
2591
59
1036
2580
1667
3191
3019
3413
372
2065
2103
1226
1818
3949
437
2265
459
2645
3160
1713
3734
3269
871
1550
1619
2468
3619
2446
1109
635
3925
21
364
158
2703
3914
3052
2075
2938
344
1669
488
2061
342
1733
3950
452
1598
1382
171
667
1258
3125
1115
3877
1629
890
3467
3284
2438
978
1789
3241
2821
1044
2240
3424
1402
3975
2160
2785
2733
235
3636
3891
183
3990
624
3618
3344
3908
1122
1944
909
669
3830
2049
2993
3050
3778
1521
3410
168
1692
1383
692
1104
1408
2600
895
3258
1351
1423
2730
741
2015
2400
1785
908
2333
1665
2504
1480
2546
252
1442
2703
1034
1286
2967
2628
3595
654
3310
2156
572
1449
2643
2061
2742
755
3076
3709
1254
2593
3816
1
660
3188
963
1002
2639
3470
273
829
177
3917
2129
3667
1415
1406
332
353
2661
351
2171
1131
190
287
406
3739
1031
3053
1305
3380
2211
2216
3871
675
1476
2413
283
1136
3577
37
1573
3319
1691
119
555
577
1806
3704
135
638
2670
2529
3721
793
2268
23
1174
2529
1604
1478
3641
3940
2670
962
368
192
1875
2539
1818
3188
83
230
65
2379
376
1735
2925
2674
2070
1284
3758
1893
3293
2368
2813
3475
1312
1102
2427
891
438
3944
1258
1965
1565
3860
260
809
1136
592
638
3559
3686
960
2958
511
3607
644
121
2803
1569
3282
2706
3242
1173
572
1866
2214
3638
2528
2874
61
3222
1953
2565
3709
990
3676
2810
1112
493
2206
1521
252
1976
2497
2586
366
71
165
634
849
1497
3970
3116
3225
2201
2594
1502
3543
3640
3766
2353
2751
2892
3095
3907
2339
1191
1103
2164
2562
612
3459
252
1240
2117
3141
1133
695
