2875
1353
2006
1492
903
2055
2836
2640
2213
4096
1857
1224
2064
2592
780
2181
3210
2131
1402
922
756
917
1489
1156
2915
998
2608
2462
2677
940
1308
1028
1355
6518
1668
1398
795
675
2494
5328
2300
5940
1575
1449
899
3169
871
1247
781
986
865
2942
893
3187
759
3106
2035
2995
1386
1363
3134
2780
659
1410
1338
2432
2075
2415
1855
2206
1409
1634
3272
3157
2123
559
2740
534
1183
1356
2740
6528
1331
715
3443
2468
758
2803
1529
1034
2302
767
2929
3368
2236
2866
2740
2607
986
1657
972
1376
2008
3012
6118
975
2491
1085
2214
1368
1249
819
2122
4325
686
751
2777
1383
908
1364
958
2725
2523
819
2261
3323
1084
873
904
1254
2210
2565
2495
2265
1259
849
794
1225
2739
603
2369
890
1295
594
617
3096
2022
3244
2002
732
1159
858
4468
1093
1662
1124
1305
2025
1362
1356
2682
2431
3609
2206
2163
2599
1974
1412
2206
3781
933
2200
1467
2945
1474
1987
655
3155
6190
1426
4659
2308
1093
3062
1231
1203
1252
2546
4017
2288
739
1518
1369
2179
837
1361
2604
2384
3457
646
1146
547
5814
881
2511
966
1158
1488
1063
819
2476
2054
2352
881
2195
4305
3190
927
1306
2369
805
2760
1549
1007
1076
2935
2347
3703
1976
2195
769
3272
1385
2127
536
1288
4687
799
1331
735
2178
2293
648
1306
1725
2528
3099
2057
2927
1416
2122
892
1011
2686
2080
2227
1536
2017
1262
1691
3260
677
2261
877
2069
1278
704
2646
1190
2286
1426
1488
2866
1096
3274
2223
1567
700
1115
949
1941
1276
866
2627
2441
999
973
3101
960
880
1397
1343
784
1367
2208
1342
1393
2725
699
1383
1409
760
2187
1520
2050
752
1123
2079
1323
2254
913
2003
3013
2158
6484
2690
1543
2425
645
716
2591
890
1047
2164
1946
846
2136
2849
1084
1873
1000
3556
861
852
2224
2161
1488
3202
1657
2624
2503
2456
751
1471
2388
2421
862
1027
3849
2248
4362
2580
985
3119
3544
1866
824
2655
873
2822
3122
1303
2044
928
1340
892
1335
2594
878
885
2551
890
1045
1016
1027
2291
1516
1082
687
1066
1377
1473
2751
803
798
2359
2201
1020
2698
1586
806
2020
907
661
1317
1008
1554
2381
1070
1088
2436
1033
1049
789
2154
729
4084
3351
1913
2076
2383
1071
2334
1356
1572
970
1561
3858
2776
1271
1287
835
759
2217
2809
1009
1193
1374
3168
2010
554
582
1940
1257
4229
1122
3170
1489
2717
3322
1444
1186
919
550
584
2575
776
2187
1139
912
2900
2495
1247
2634
925
2647
962
2354
844
2397
1319
782
826
2923
2293
1381
672
2796
2917
2199
2375
1238
2478
1244
2622
2209
2278
1113
630
4022
994
1391
1338
3284
1533
782
2081
1008
1515
1077
1230
1456
839
852
1511
2180
689
1345
2003
1484
1389
1099
2339
1988
2350
1420
1028
2932
689
4055
1011
1541
3062
2488
903
2772
1193
2631
1699
1316
5299
3019
1019
2653
1376
989
2411
6347
2242
1261
716
1856
1752
2323
2021
1663
1981
888
3359
1192
922
2978
933
1123
906
1564
2506
2833
570
3170
2149
2434
1912
944
1005
1969
784
1256
1339
732
1496
1516
1585
2158
3384
2243
2723
6053
910
3929
1049
1248
1107
3167
1328
2678
539
2185
1163
2527
1816
930
1039
863
1160
941
2116
1278
1764
4730
2291
778
1807
892
3884
948
1312
2943
1367
3819
2276
915
1811
3049
2761
857
2447
2884
737
2420
1370
1023
5866
710
3373
1436
892
1437
4142
1320
1822
4997
6263
2402
1300
3441
1012
1757
2217
924
2451
4886
1080
1214
3127
2506
1740
1995
2569
2365
775
2005
535
789
958
2262
778
1988
1185
872
892
3365
1157
2793
1132
2404
510
903
1117
2461
1043
1389
1858
1115
2722
1076
1028
2368
1426
848
2518
2644
1400
3406
2094
833
672
3304
1486
3225
6922
847
1277
2520
1880
3378
2988
2853
899
793
1071
2509
624
3032
3283
3484
2230
2007
1448
1304
747
2000
3275
1954
951
2540
1370
1004
3043
1073
2411
942
3014
2933
2070
2092
2076
1764
977
879
2265
4088
1328
1945
1461
2429
2623
1394
2554
1238
3359
706
1409
897
2915
1380
941
969
2102
2524
764
1115
1088
2332
2076
1287
2335
1232
1341
1939
1066
2248
3036
3605
2277
2765
1364
1189
2251
821
1339
1171
1232
3014
549
843
987
5793
2666
740
1237
959
3025
846
1414
1338
904
980
1442
3143
1127
1991
3345
1611
2749
1237
1123
1340
2271
2331
1690
814
795
2300
707
884
1295
2375
2442
1499
1147
1931
895
2203
2510
751
891
2219
956
875
1424
933
1068
588
1485
1048
1177
912
1330
593
3892
2031
3535
857
882
2510
1907
1828
616
6110
3172
2532
2057
2163
578
1324
3010
1398
659
5852
500
625
883
3127
1019
2580
2431
1274
3001
1560
2725
5610
1300
4101
1513
2555
882
1513
1326
1136
1391
1456
873
1149
1105
1369
2773
1510
936
1198
2388
732
1348
2296
5137
868
2753
917
1457
1367
902
915
2129
977
1966
2158
2187
744
2223
780
1080
2090
2747
1312
2890
1242
5730
2473
1307
2118
1488
1016
1681
1797
2948
1290
479
2084
1018
2934
1105
3026
796
2477
1360
1296
1150
1048
3078
2173
1089
1316
1396
862
1303
2519
871
881
1467
1254
2153
921
1614
2198
1128
1498
1465
2580
2043
1777
2076
831
1464
2266
2155
2048
792
786
777
3110
2503
483
2816
3158
1582
2062
1564
2229
2461
1809
2665
2816
3177
2767
2240
1336
951
1243
1181
1393
559
1332
1560
1808
998
826
2493
3155
583
1345
1879
2386
1309
1468
627
2089
885
1081
3091
962
2128
837
2426
5401
3145
1575
2494
972
2328
1335
2787
1270
811
708
795
4096
1391
2560
2335
1046
2420
2563
3676
2542
1574
1301
607
733
1068
1543
4075
2623
569
1338
668
1437
1367
2261
1431
3228
657
1360
889
922
2043
6095
592
1838
957
663
1268
680
1572
2382
585
1050
1507
917
1340
2678
2887
1512
2255
7006
4092
1168
1060
2275
667
2580
2337
1274
2178
1083
1542
3457
2785
2384
1533
1300
1358
1123
1483
877
1327
2214
923
657
1488
2817
2703
1429
2888
1190
2723
936
735
5161
988
2247
1852
2539
2287
897
2573
743
1090
5597
577
3435
721
5392
1244
2672
2320
1837
1347
3837
1688
4097
685
2304
615
3506
2982
1355
2233
2701
820
2099
2612
2630
1506
2067
1100
3007
995
2419
1150
1759
569
1630
2769
1418
936
2066
6671
866
2023
1038
2325
2780
1115
984
1145
2315
2672
1049
1034
1295
1514
814
775
2877
2159
3176
2568
1813
1356
733
888
3516
1293
2627
3053
2626
1036
892
2277
1470
904
3291
1405
1220
2262
825
2451
1537
5634
972
1224
2156
2291
3291
1487
1128
819
936
5742
2233
1296
823
1297
3491
1369
3049
2252
2666
2194
1400
1394
1306
4403
913
2739
2166
3565
1359
2035
951
900
1364
576
918
988
1309
1918
1419
792
1359
1150
632
841
2050
1578
2553
2343
878
1380
1592
2954
2195
2804
1961
2656
763
2151
2061
950
5542
1810
2210
2700
1057
1153
535
1502
1186
2253
2900
2434
3627
2518
2490
1274
1482
731
1315
1083
819
3000
3345
2687
1135
504
2421
2305
2643
1578
1287
2128
2028
937
3007
2043
3303
3142
991
1311
2377
1469
2378
1842
2087
625
1626
1146
1288
904
2461
891
883
3388
1280
2971
2626
1086
3252
1281
2349
940
1486
1036
903
3975
3159
1186
617
1595
1410
1413
1432
1261
1267
1811
842
707
2819
1300
3368
1519
4032
2139
828
796
786
2633
1145
6839
1021
2461
998
998
852
1287
3111
1311
2371
1195
2609
5208
1832
1254
1164
1179
711
3150
4165
1078
879
947
560
1564
704
1945
2356
1239
1168
1568
1053
1767
2991
1307
1837
1396
2810
633
2446
1781
2062
1003
899
891
797
1401
1096
1232
1220
2247
943
856
6754
2140
738
2542
1248
2768
2589
1867
3051
2134
1286
956
3405
3479
2563
3408
2084
921
6850
1478
2132
2309
2946
958
2037
1032
632
1152
863
3052
784
1417
1536
1066
2350
987
2108
1939
2108
619
1506
2933
2171
2182
1138
1209
3062
896
916
2046
2330
633
676
3315
2781
1015
897
2401
3614
3245
2570
930
2971
585
1540
3014
1317
1051
713
2610
941
2182
787
1651
1310
1020
1956
1055
4151
3996
1304
915
2980
5531
745
969
2274
826
2543
1347
996
2028
3011
3173
1433
1245
2954
3184
1504
1334
1405
1410
1286
1404
1218
2022
2189
2022
1300
1316
2378
2693
2344
2051
816
1563
943
3778
2224
932
903
853
2927
1326
2936
725
1420
1458
2210
1098
1300
1436
2821
4101
1957
1420
2794
795
1337
2937
1168
3886
1004
717
467
2687
806
2066
867
3857
2155
1335
1321
2391
2584
1011
1433
1437
2727
880
3335
2189
1231
2472
2292
2459
2192
1828
912
1143
966
2985
3673
2127
1143
3047
1294
2521
1121
681
1266
1209
4293
895
1309
1054
1826
1329
3403
2581
1411
989
3918
1891
598
1992
1254
3155
1241
2454
1160
2521
2340
2773
2357
886
2953
1148
2516
2411
1210
2568
2011
510
1416
2899
1063
2287
1375
820
875
606
5619
1812
2090
2968
1156
693
621
923
820
920
1413
512
1527
5954
3550
1483
2657
926
1281
1307
1287
1433
2664
900
996
964
1605
1393
897
2968
2441
753
1123
1307
924
1769
2998
2920
6434
1047
2453
2593
3250
2317
2245
2017
711
2539
2126
1394
968
2082
819
2255
1328
1407
2472
5243
1069
940
2554
6122
5662
1082
895
897
2183
1468
1007
2530
801
893
887
1578
2769
1215
1171
801
1131
866
1892
1269
922
1242
618
1960
764
3043
2788
3103
975
951
1106
2682
2969
1356
2308
796
599
3323
2755
4353
3264
1980
1024
2069
984
569
972
1457
740
2318
1300
742
1831
2685
1500
2725
3636
3060
629
2270
1131
1508
867
1945
2441
952
2401
740
3178
2510
902
3175
3419
1555
3104
1379
1302
1390
2007
1548
832
2185
2464
3042
1616
2059
902
3298
2115
749
3740
1161
719
4155
1057
924
754
2053
1402
1547
1761
2002
1054
888
3252
2417
900
5219
1181
3456
503
2357
2780
1109
2045
1600
2018
2933
1607
2497
2842
3163
1352
2220
2808
940
892
945
1157
950
1064
1739
6311
821
1534
1415
1266
3287
2311
913
532
2600
904
610
1185
911
2847
1424
2678
2262
580
745
1369
1482
6040
3050
3115
2918
2468
3023
1213
1446
2674
781
671
1920
724
1475
2368
860
3340
2401
1166
2544
715
2471
2410
2168
1557
1418
1328
1447
1956
786
667
3383
3248
1175
3116
2671
1361
1358
2592
2274
2053
882
882
1595
885
1562
1265
2297
953
1276
901
2611
2621
2809
861
1206
1308
2585
3193
2345
1826
1394
569
2015
2048
2651
2155
1003
2296
2016
1084
3735
2226
2953
2336
1885
2068
1039
2797
2858
2031
1372
929
2305
2513
1462
659
3499
1032
1382
1840
1777
718
2431
834
2808
984
2810
679
999
1000
665
1005
1063
2090
2191
939
710
2099
2240
1114
826
950
1934
5503
4038
2777
1545
1538
880
1128
1301
2037
2487
3111
986
957
1880
3311
1315
3107
1141
2166
480
921
1530
2153
670
859
1924
547
614
1293
2137
2113
1298
649
1215
3746
494
952
3349
2661
1003
2861
1031
1228
866
3122
913
2027
1136
1516
1586
1816
3273
3742
2326
514
1242
1336
1359
583
836
1829
894
676
832
809
5669
2089
2949
1740
2699
2567
1202
895
3719
939
2259
1111
1265
1321
906
1231
2487
987
2535
673
900
2056
1312
684
3795
1490
837
1251
2280
2293
2516
875
1239
1302
908
1123
541
1561
2144
2987
1402
984
2505
1366
2101
2279
470
2557
928
718
1779
2860
4245
2961
1502
3132
1261
2301
3380
712
2278
1308
1445
5802
663
2940
2670
1013
6030
2323
3082
995
2365
986
1407
1564
1064
1435
1111
2014
1503
1321
1014
2563
2615
1433
2851
1499
3264
2598
1180
2097
2135
1213
2943
1260
874
3751
1427
1058
1138
2833
853
3729
895
2563
1013
1067
1275
2359
6239
2456
908
1490
1909
1291
1933
766
859
2913
970
2391
2838
1238
810
2031
816
2572
773
1193
1640
929
1232
3167
2355
1881
2140
887
3213
1031
3241
796
2063
1652
3418
2138
1118
2335
583
2891
3170
1181
3006
1102
2863
737
1109
1306
2447
2007
2089
1340
985
594
2105
1354
3382
2124
862
696
1101
908
1855
1036
2367
1120
1082
1119
1923
2566
2618
1300
793
2038
1442
1447
2872
3159
2007
994
2107
2523
2311
1314
3792
889
1039
2708
1056
1109
2613
2416
1865
2677
3013
1826
2435
1014
1220
2449
676
1417
2769
3693
2925
944
961
1280
2506
2227
2170
2505
3298
2597
2025
998
2181
1378
1221
1279
2590
1294
1180
1389
1096
2683
586
2081
1548
863
938
1259
1055
2866
1841
1193
1060
5724
2657
2334
760
835
1113
1560
2770
1230
2240
1403
1099
815
2318
912
2639
1924
723
1243
611
1024
782
6607
2552
1031
984
2261
3574
1279
1876
997
1364
564
1615
2994
1151
2741
1260
1350
2171
4468
981
1424
829
3871
821
2130
2429
1258
3188
1357
1170
1206
1046
1672
1103
1219
1461
2826
2582
3428
1299
2441
1535
2992
2963
1837
836
2019
2969
1963
975
2096
2394
935
811
1535
863
769
2136
3769
872
935
1491
685
3360
3342
2163
924
5961
2351
853
2313
1816
1255
3340
2394
2482
916
891
2120
2200
1495
1344
996
861
2896
523
863
2941
2510
831
2613
1627
2255
2412
1098
2261
1125
2415
2406
1341
836
2933
2507
3930
3203
1096
2502
2623
1910
2950
1377
4125
1302
801
919
987
1249
1120
1157
833
1712
1588
794
1291
3633
3427
1231
2387
2372
1619
3334
2564
2080
1535
657
932
1130
974
1011
968
1331
2058
4152
3029
1681
2039
3721
988
3067
1234
867
1075
985
2736
1270
2662
2685
959
1042
1239
2552
4432
982
550
2271
2200
837
2464
2699
839
1456
2135
2240
877
654
2819
2119
1583
2273
1115
756
2295
2227
2643
778
959
2542
2505
1328
1031
2955
1315
2941
6550
2858
3524
1282
1147
1999
1043
928
2390
2003
1530
1396
746
2843
932
1262
1678
1595
2168
6393
1430
2516
1444
816
763
957
1250
857
925
1348
1199
2365
2293
2243
2200
1952
3325
2063
779
2062
523
867
673
1302
3205
1160
1223
884
3326
2696
2401
1953
1227
958
573
3933
1520
835
803
1328
1336
1764
2511
1152
2154
995
5928
2387
1227
1228
2216
886
3839
3935
3304
1219
1333
1532
927
600
3471
1351
914
1452
2781
2587
1586
2134
2932
3142
3910
2720
755
1150
4320
1988
3104
2649
1427
4951
2969
1453
2951
2397
2267
2139
3946
2010
2127
1517
653
1204
2264
1010
1204
817
1261
920
1070
4071
886
991
720
1218
795
2321
892
2685
980
1236
2530
898
2457
1134
841
692
2780
2624
1258
2571
821
1303
1414
1961
2250
1303
1287
1164
3306
578
6536
3000
5521
4075
891
581
960
1466
2151
2153
970
1310
1237
1021
2771
898
935
991
1838
1271
1861
1379
967
1152
3421
2625
4262
1273
6527
5999
920
5672
1577
1833
912
3136
840
663
1460
2622
569
5687
2702
1878
3045
1238
878
1067
2023
5941
1553
1038
2792
1379
2543
1371
753
779
2595
1074
1416
3073
1231
1463
1744
842
1349
2312
863
3945
3293
1551
3036
749
1584
2150
1297
1310
1481
1282
2106
1322
697
2079
1417
1459
963
2598
3223
2881
1204
2258
2236
839
878
2418
3615
1124
896
2274
2340
1560
652
3970
2039
2073
968
1043
3472
2390
896
770
2345
1875
1527
6095
2299
1970
1283
1135
786
1482
3270
903
1282
1335
786
4552
2110
2545
924
1911
2287
1453
2055
2198
865
892
691
1331
809
2718
578
883
1263
3471
999
1024
3082
2460
1291
695
2228
2935
2171
2778
874
1042
2594
948
995
1165
3195
795
3037
1656
1289
886
882
2153
1227
3216
3344
3632
818
1325
3011
3114
3622
2359
1789
1366
1013
1364
2680
1339
1956
567
1304
787
533
1990
1386
951
2390
2125
2259
2108
1038
1060
2367
2728
2041
2186
1074
1025
5057
2520
2262
859
2339
1944
3139
1092
1056
574
1163
882
2997
3874
1936
1260
1253
2618
2317
1243
627
2799
578
3248
662
1361
814
1346
2135
2211
786
2426
1322
2190
2892
924
748
1981
832
1469
2211
1796
1275
1571
2893
6669
2073
2480
994
2189
929
742
1122
1522
1595
2458
1312
6033
2251
4528
6335
647
1124
5855
1387
951
1012
602
1170
1449
872
2363
862
1048
2304
704
3039
1205
3126
1141
1607
1213
3064
2687
6329
1083
2384
1243
1554
629
737
757
2429
2452
885
906
5463
2870
1201
865
757
4162
1348
2768
3781
1947
1627
1061
734
1503
1466
911
1335
1027
724
2465
921
2247
2930
1520
643
2450
5183
863
1482
1244
1344
2905
1295
2250
2393
2410
3382
1573
799
788
3424
3126
2571
5239
1526
2479
2193
1513
2262
2842
1266
1425
1569
1352
2849
768
5186
2101
2744
2498
888
988
1278
4810
1689
1766
640
2945
2756
1473
748
3031
2402
1153
1094
2932
2106
973
6529
1124
1508
820
3511
1888
2254
876
2032
2924
1110
2422
971
2359
1136
2663
1456
3237
5379
2441
1819
5825
2905
6810
1664
1196
3091
1090
1480
1493
2246
2240
1729
2577
2694
1363
963
2246
753
871
1334
3191
2707
1357
992
987
986
926
2908
1476
597
3290
838
880
985
2455
1522
775
2391
1276
1031
1620
2287
1374
3657
1379
1379
1139
814
2212
1455
988
2908
965
2783
2518
590
1786
2167
2019
971
2254
940
787
751
2077
1781
2094
1975
811
843
1259
745
5462
1177
1045
1536
1353
1316
1072
1347
2043
953
2399
1407
753
1173
2404
1893
1374
1364
2575
1181
1912
1898
3113
1702
3582
2358
546
2744
1522
3434
1268
1255
1648
2104
3723
601
1776
1010
731
1465
2338
2300
2121
2150
1372
900
1422
811
698
1387
2114
2728
2936
1780
1241
2211
2172
3430
1187
1074
2782
1540
1835
651
3028
1764
1315
1275
722
997
806
1982
2265
5100
1520
1435
646
1031
710
2846
2611
6101
3387
2563
2689
2772
938
2156
2142
1596
3327
3079
2438
3168
905
2451
1231
1451
2519
3494
4795
1441
3555
3170
2210
1006
2376
1224
1296
956
982
1063
2242
876
1397
2221
2368
1372
978
1422
2868
2303
2298
2188
3037
1286
2121
3935
2405
3456
3701
1335
1593
2644
1324
1142
2653
1163
982
968
1782
2424
1955
1302
2990
2514
1173
1302
2843
1924
3147
1257
601
1686
2039
1613
988
3181
1009
793
2231
1094
4940
1224
1546
1808
821
714
934
5301
1488
991
2310
1114
644
3140
2983
833
983
3473
2011
2779
1111
2439
6686
855
1144
1103
705
4446
504
1282
1321
1814
3193
1126
1041
707
2067
1384
1297
3117
2535
2330
3077
1258
2428
1478
1442
856
1002
2249
1330
2334
5107
2359
1310
681
3281
1011
784
819
1200
795
1142
2271
1575
2455
1753
1394
732
1306
885
2144
1449
2619
2462
2152
2062
1226
991
971
852
759
2260
3837
1439
1226
1359
1193
1254
2256
575
696
884
1333
1438
1299
1160
1238
2005
2271
1347
808
1114
3044
2364
799
1332
4239
925
723
1042
4347
901
1422
2156
1385
948
2831
1346
3639
3996
2467
3181
3778
1248
490
2346
1463
1059
1397
2175
713
916
6725
672
6425
689
1004
2703
804
918
752
2060
880
2236
834
1039
1013
887
2358
2867
3865
1055
791
1233
2135
3322
3859
2183
3081
983
3035
1235
1284
2906
2196
2762
516
2089
3163
2171
1802
819
3193
2674
2415
1125
1185
1385
958
3491
1060
5842
733
2571
2757
2118
1358
2058
1073
3750
2971
2314
1545
2194
3471
816
1534
641
1028
4035
2275
967
2586
1470
1543
3369
2226
3017
2903
2242
2361
836
976
2010
2148
2333
1277
2569
1327
2099
586
2234
2389
1698
2954
3508
828
814
5165
2850
2176
1368
2080
3683
2110
2754
860
2690
3908
2101
3830
978
1259
1443
1396
2449
948
1399
3874
1936
871
975
4846
869
3560
1326
2263
2382
1026
685
1170
1348
763
1041
642
911
716
2529
1973
1279
894
1029
2468
1310
2273
1387
2728
600
760
2781
3898
836
967
1290
2077
926
2247
1035
2842
881
762
745
2400
2151
1118
1261
5618
2411
1354
2449
2252
3875
2450
2208
1680
1141
3030
2202
1396
1517
2383
1211
669
1730
2244
1297
1033
3083
2224
3988
1162
1058
900
1978
870
869
1118
1121
2800
814
1417
993
908
719
2732
582
1212
2326
1347
1288
891
833
1198
928
1012
960
539
3148
2593
1065
1023
1315
3526
1045
1450
2064
6096
2162
530
949
2485
1369
905
521
2993
722
1495
653
2790
673
777
1838
3122
2711
2572
3524
3405
2648
936
947
2129
2363
3460
2787
941
923
836
1572
1376
1261
2212
1507
2573
1522
925
1088
749
482
1802
3365
2852
809
3658
2149
2872
916
2330
1429
1129
1270
1062
3082
1481
700
609
2599
3272
5309
2339
2993
1248
874
599
1940
1245
848
796
2934
2358
1482
3061
764
2728
801
896
4679
4238
3162
2823
3097
933
976
2791
2138
2732
872
2894
943
2455
2450
2113
763
674
6430
3252
1109
1537
2950
1998
3540
699
3171
1976
2458
2566
2148
4127
2176
5953
1300
1410
1844
727
2388
803
883
2322
2294
504
2229
3208
936
1479
2345
877
916
2203
2467
1354
769
1249
2254
2103
1416
2286
1273
1628
934
850
2166
869
1665
2413
2051
913
818
824
1564
1453
2357
506
1097
1126
2443
753
2436
723
2418
749
1449
1197
1581
842
904
1097
618
2252
3093
931
676
3962
1085
6244
2475
3569
873
780
1860
907
1386
6328
1272
1585
875
2843
2201
1350
2389
5462
2888
648
2365
1172
2354
2858
3054
3689
1299
972
834
1109
2161
1341
914
3295
2380
2711
3495
3252
6026
2642
2648
2111
2304
772
874
1390
916
658
856
5848
2578
1118
1486
3737
728
2066
910
1224
2513
1191
879
2478
796
962
762
674
946
929
1789
1426
1202
1319
2803
2102
1035
4014
758
529
983
2425
6374
780
3484
1301
2417
2971
2222
1029
5958
1446
1210
2174
1015
1443
1191
1471
1184
1572
3020
501
2400
2841
1434
5675
3260
1375
2547
2245
886
1438
2012
2244
1067
3096
1045
957
2312
1172
769
1020
670
1239
1559
1964
1931
1448
3037
4104
1335
955
904
1153
5599
2299
1259
1226
1908
919
2427
1488
1536
1074
919
2538
2229
1671
1176
970
991
1949
1920
3192
695
2384
2927
930
2245
3751
3011
1250
2155
2276
2577
1180
1250
3122
2279
2973
645
2099
715
874
1080
5099
2801
1287
1376
1405
1007
3391
1342
766
795
2271
1961
1116
1043
2052
1410
1250
3700
2998
2815
2203
716
939
1818
2791
946
853
995
1314
2146
2907
1286
1799
1704
2555
957
1420
2782
1603
715
1173
2752
3498
942
3564
4023
2093
805
1605
2225
862
1365
1042
2362
2025
2672
2228
1196
1506
1449
1013
798
2011
894
2780
2308
3320
2518
1495
1547
620
1938
1011
3247
2525
630
2359
3092
859
1334
1196
2859
833
1068
1933
1043
2347
1285
1490
2845
746
2682
1470
5180
2434
1043
1347
930
3737
1196
1265
1956
2096
3335
849
1318
703
713
1182
2232
1496
1194
923
863
4793
3404
884
1877
504
2375
1459
1304
1030
2678
5915
2736
2946
6773
2028
1154
966
6513
969
2366
3200
691
3349
849
918
799
3718
1499
2140
3111
2693
955
1050
1254
2703
1345
2117
1423
1343
1207
5824
787
2593
1077
2814
2085
2122
1443
857
1057
4174
885
1549
1449
3182
889
1208
2334
1287
796
2169
1974
901
2152
954
742
3001
2480
2505
792
1326
1978
3262
2228
1043
1052
1675
2729
1212
1456
3169
1350
1435
1022
2675
1440
1335
1050
1200
1163
1025
824
1333
4029
1509
3259
922
1342
3183
2203
2956
3252
2668
2344
860
1503
666
2120
961
745
1337
688
764
6045
1294
1320
2327
996
698
884
2323
1783
2514
2361
936
2711
2315
865
2262
1270
1128
1314
864
1248
2279
1422
1519
1900
1124
1450
4025
1354
2307
635
1388
3958
2155
1366
576
678
1433
981
1327
2769
2005
1376
2172
926
1920
1349
1184
1466
6776
1170
2055
1355
2270
607
2762
2448
2472
1737
3647
2381
1034
521
1978
3101
1003
2509
1375
595
843
2149
1141
788
1009
1321
877
4533
1108
1493
1472
2698
914
1377
2693
1303
3603
1144
1237
1251
895
1318
3432
2674
2197
992
497
1502
2470
2219
2151
2461
2554
3174
1016
1275
867
2885
1000
1345
1468
1410
1055
2403
1903
2490
519
1557
4088
2784
1121
1347
2556
998
2594
1119
1375
980
840
2686
2075
2229
3221
1454
1477
744
3047
2242
973
3477
1135
2959
553
2180
1541
2122
2909
1036
1296
1304
3774
2820
1900
2048
2351
1577
2217
2364
764
897
2559
2240
2048
806
1085
2361
870
2763
842
1248
1928
3336
477
645
999
2784
1491
3261
937
2916
850
2965
1479
1337
2064
1344
975
3083
2509
1462
2171
718
2030
2928
1329
953
865
1024
1168
1544
2054
819
2600
1343
1333
958
1421
2819
656
4013
4616
1177
1154
1992
3216
660
2796
2078
2117
2186
2045
1111
1272
1182
2242
1416
2470
906
723
2250
1887
1364
2578
2039
716
1558
3361
801
691
2179
2873
2003
693
1298
2932
1476
1374
3255
927
920
2253
1255
1403
558
1214
1154
2673
2471
2798
2086
579
1033
873
2550
2675
1273
787
3613
2674
1594
1326
684
1639
2177
1355
2361
3406
1872
1632
3071
814
2529
1497
2087
2226
911
591
1095
5173
3231
2604
539
2132
1050
1902
3452
2006
3285
902
1171
1276
1124
4301
2669
908
1369
983
987
2500
2439
773
680
1291
1949
2475
2135
2785
1175
1174
1220
1138
983
1195
3440
857
6628
1431
1296
567
2058
622
860
1005
2188
1139
1210
1136
1226
2319
590
2142
3099
3570
1311
2948
2476
1028
3833
6833
3250
2469
1317
2553
1358
1054
788
1140
2847
6239
1337
1199
3261
595
859
2716
1167
2524
1055
836
2129
846
3225
4039
1306
1783
1419
4186
867
1284
2404
935
3447
578
3055
2297
1346
1714
2707
669
1041
2467
1577
1088
1583
2869
3194
2544
857
2909
2600
1438
2051
1664
1334
1395
2815
2031
523
1820
1184
890
1044
2091
984
2138
1336
1309
2023
2329
1531
2167
2975
2484
2595
2136
878
1337
917
5023
2203
1234
1569
3507
3091
1917
3024
6708
1112
1123
763
1099
817
1669
2400
3173
850
2131
3074
2167
2507
1523
978
2303
3083
2544
3131
3164
1206
872
834
2049
1174
2869
1827
786
2415
3148
1322
1346
705
921
1354
2368
1243
1103
1357
2261
3565
2545
3737
967
898
867
2067
1219
1045
1592
1109
2487
2309
718
818
3002
854
1192
1399
972
2518
848
2713
1097
1177
897
1319
983
1647
779
1352
1433
885
2325
2583
4321
3124
1400
2712
2375
538
890
2788
2062
1373
1621
2302
1276
5659
3711
2436
1326
595
3102
1924
993
1162
2184
1024
492
2277
1630
2357
606
1154
2051
2557
2198
1942
830
1968
918
1578
1433
904
989
612
1226
1221
3858
963
2169
906
1337
2424
780
1174
2330
795
2362
2259
1040
2209
2821
1210
3037
942
1257
988
1024
2517
6528
2872
6884
2475
2827
3300
2120
2539
2326
2610
1980
1348
1325
701
1561
776
2295
790
1486
943
920
860
2886
1905
1703
2733
1089
2760
1209
1725
1177
1430
1006
1405
1471
755
1619
2963
1564
805
2550
1316
2918
2386
1944
1231
1106
714
2337
2171
3442
3392
4262
1031
1332
459
1025
2494
725
1208
1951
2895
3311
1252
1000
702
2569
954
2845
1441
1352
2050
2504
2603
3903
6418
1328
1386
1465
2579
772
2327
2151
2410
748
684
2971
2960
1018
1119
859
1018
977
1080
1788
2771
620
1393
852
673
950
3828
1563
1002
932
1164
852
1896
3541
1948
2820
1208
3298
1350
873
1257
3391
1792
2086
2421
1559
1381
931
1350
1341
1553
2569
4462
2670
1386
1520
2107
978
1212
874
1447
1163
2590
888
2075
2809
597
728
1533
1607
6323
2511
850
963
2419
1263
824
498
1437
1235
794
827
2707
803
2246
706
5678
2127
1177
1217
2761
2877
1440
1314
2229
1116
2902
2232
1252
2640
649
6225
1947
536
1148
2413
1415
1960
2932
2072
1074
879
1039
639
3404
1184
2388
1098
1307
3341
1346
2353
2444
3396
1171
976
854
505
928
2005
1173
907
1225
4162
1241
1547
1457
500
6284
623
1408
2006
691
1973
2359
1355
1387
1259
3966
874
1225
2261
2648
616
1332
2114
6052
632
1057
1990
1319
1800
2198
2350
3478
2528
1247
3197
3964
2673
866
1192
892
945
977
2465
669
650
935
729
762
817
2517
2085
3353
2149
3060
740
2365
559
2619
867
3078
1226
2813
2198
1018
3588
3465
2192
984
3085
1322
2456
865
1053
1774
1284
949
870
1829
1490
995
892
1234
1187
4579
1316
1773
2045
2124
797
2158
958
1490
2452
5546
2106
1809
2373
2358
2564
3521
1044
2326
2648
819
2290
1820
1852
1448
2919
5630
3772
991
1378
2538
2456
2561
955
2648
1514
2387
1555
2295
1306
2664
3176
3026
1189
997
1154
1507
947
2259
1366
2253
828
3386
1078
461
912
1110
1050
1892
2385
1150
739
1116
939
2185
1624
569
1264
953
2604
1088
1334
994
2682
2500
3649
802
1212
2005
1089
922
1402
2074
2811
1251
1966
1511
2617
851
1428
3074
695
1409
992
895
1902
1205
1008
2937
728
873
749
2163
1474
763
740
716
602
2279
773
1426
2105
977
770
1410
1926
2638
5306
1202
907
855
2831
661
2052
1923
2191
5397
1759
1041
3079
3216
662
901
2499
729
2600
1887
1127
1039
3021
1354
2698
987
1549
2845
821
1280
1799
743
786
1156
2138
1951
2799
687
2168
2948
1840
2900
2907
2321
2403
5429
1837
2221
1168
2179
2065
3049
1961
1845
3236
988
1211
849
1064
1187
993
1226
994
1259
1229
2640
1450
1048
2406
2539
1055
889
1305
2759
2241
2869
1200
2261
1523
6350
637
2508
878
4279
2299
918
3396
2118
1116
5428
2342
1303
1520
1133
1086
1357
624
2417
1240
1150
1911
2184
1390
1370
2530
887
801
3091
872
1123
854
2173
1602
3021
894
2990
2525
892
2219
632
2125
1044
5333
1984
1372
1539
878
681
1180
1134
930
938
1133
3050
617
2014
987
1973
3974
1026
3647
949
2174
2574
2043
1986
2805
1446
1409
2774
693
628
2214
832
924
1049
578
1361
920
1284
1822
917
2382
4126
2233
759
2434
2183
1048
1289
2275
1455
5984
2091
2949
1462
3902
1987
1678
1272
918
2964
1150
795
1197
1443
1208
6249
2897
1480
3699
977
1280
5179
1179
4051
1320
1249
2192
1412
592
2930
2754
558
2131
1147
3274
2669
2719
2962
5326
2868
2205
1047
3544
1339
1276
2189
2561
756
3602
797
914
3801
1926
977
1934
1881
1619
2825
1411
1485
1385
5261
817
1283
1950
2832
2009
855
1548
1036
914
537
987
964
1097
2301
1456
2752
549
2224
973
2720
3547
1289
685
2665
2665
2686
1105
691
1029
5115
2107
958
3576
1502
839
724
2601
2111
1483
1019
1419
2384
1418
1484
2304
2777
1819
2327
2167
1270
1458
3308
3560
2503
3368
717
2434
1335
5162
1012
5597
1311
2432
1110
2379
3174
757
883
1375
5273
2173
2336
809
1053
3196
884
808
2324
840
802
830
1378
677
3529
1281
2014
825
743
868
913
1389
891
823
2991
2269
1245
1392
2077
1172
1244
5099
1134
2326
908
889
2429
1361
6329
2362
1438
925
2489
1210
1292
2006
2199
2272
1432
3314
2358
3178
576
1105
961
6738
633
4023
2415
912
2489
1028
684
2014
2474
1604
719
2285
1563
2498
2402
1293
1419
998
1929
2103
1155
1148
1124
960
2168
1369
565
3179
1235
2515
5581
3748
2054
3295
706
1242
1432
3406
718
2234
5871
1961
1410
1415
920
2416
708
2987
1212
1028
2019
794
717
3255
1155
1165
2159
3641
1405
1176
891
918
2600
829
880
3040
1416
2520
1555
2111
2686
1432
818
4260
745
2368
1052
3843
875
3120
1370
1137
1230
2651
2246
1064
1613
1167
3424
3043
1481
1077
1056
1435
5876
2148
873
1369
2941
2866
3200
2306
1181
1257
1597
1471
975
2629
1005
1466
1216
2149
1338
2218
2569
3028
757
945
1460
783
2349
3867
765
597
871
785
1390
1229
1438
2594
2243
2933
1206
849
2769
1440
1469
870
5360
1334
1443
795
3040
786
1731
2733
2120
856
1351
1556
1336
986
2082
3336
2115
1966
2213
938
2003
934
1371
1810
799
3272
2600
4945
860
851
1227
1051
2561
1192
2511
3284
786
804
2763
1207
5951
1095
1328
655
5417
2165
3528
2580
2516
2649
2395
1350
1977
3766
2283
2635
860
1250
2150
3932
1208
906
1518
743
1379
1096
1211
1387
837
1167
2572
1526
663
1448
1459
2638
2012
799
5230
1016
2760
892
1280
2803
2278
2192
1084
1109
3933
1229
2562
1896
1312
1824
934
2421
2076
998
1633
3609
1358
2278
1526
1432
2085
905
2594
1192
2750
2319
1168
2949
1093
845
1461
1137
3172
2527
944
2145
1176
2318
2392
839
1224
1456
1815
2262
2111
3156
3058
6212
2460
781
623
726
1152
2659
850
2365
2735
3127
1604
879
1334
2505
2256
1183
1164
2871
1037
3368
952
1409
2963
2596
877
1298
2891
2428
1251
550
2983
2526
2572
1117
960
2114
870
608
907
2143
665
2651
1308
1747
1391
977
2966
1332
1344
2477
3419
2485
2029
2188
3129
1261
991
541
1256
1470
710
805
2560
1343
2291
5175
908
3225
1616
3452
1005
2030
886
2606
1759
3138
1306
2281
751
875
2573
5653
1581
1198
2883
1866
981
2841
3166
737
2978
1230
2542
1162
1308
5761
992
781
974
2201
2027
1609
2494
1429
2530
1284
1278
2151
1928
541
1033
1472
1341
935
1569
1139
851
3011
1015
2690
2048
2415
771
1444
575
1171
805
1131
1434
880
1257
1105
878
2272
1215
2622
1390
1596
1563
2664
1412
2569
2067
1342
1277
1854
860
1146
2747
2850
1310
4720
2441
2428
1523
1032
710
1888
2123
3549
975
2547
4233
3164
1191
2316
2622
700
3757
1223
2824
1550
2924
1419
879
1151
2191
1029
1121
783
3139
3069
874
1164
1197
2548
879
3493
1384
3235
2405
842
2305
740
801
1371
2139
718
2193
775
2286
847
1207
1062
6317
1724
917
2755
1013
1214
2458
999
1367
818
1306
2928
887
1307
1160
3619
1480
886
2105
1175
2227
1909
904
5040
824
3964
2849
2318
1425
2281
1503
1062
935
2298
1036
1188
2163
524
1403
1767
1192
1321
971
2924
2259
6333
1004
910
985
1296
2144
2503
1287
1367
2530
1022
2491
1956
982
1365
786
2275
1802
1446
1467
2104
834
748
2099
5917
841
977
3017
1474
2587
1289
2465
958
2632
1834
2499
2381
2360
3805
1922
1320
2085
1352
2656
2064
1589
3369
2185
1190
6011
4636
2564
5231
1119
1331
1261
2285
2143
678
794
1004
1557
2048
3194
1312
901
566
3459
3454
889
2436
2357
887
810
1427
2581
3659
1188
2210
1188
1352
868
2048
995
684
1344
1616
1352
2318
2167
2312
3238
1847
3021
1065
1458
2464
1261
1219
2270
1014
1423
788
925
1017
1289
2183
3613
2024
2149
965
1268
1503
785
1016
1705
1529
2768
591
3045
1233
3037
781
1870
1390
2411
956
969
2265
874
829
595
1980
2437
1478
1509
1316
864
998
1191
1486
2926
2213
1593
2747
3143
2231
2737
862
6402
1953
1248
1564
2043
891
1308
1931
1556
5908
1409
863
721
3369
1063
885
4510
1336
2182
555
1031
1295
1465
867
2165
965
1496
1367
3210
917
945
2466
2287
1153
1337
2677
1019
1263
1878
727
1046
850
2383
2217
1000
4042
2822
1084
3201
933
3516
1644
1677
2190
2262
579
1496
2585
2188
756
2872
1390
2608
892
761
1025
830
1003
2621
791
2117
1313
937
690
886
1014
970
1266
2164
533
1404
2317
1509
1317
1983
845
1131
2797
893
835
2217
2010
2197
737
1410
893
776
5415
926
1150
2178
1282
941
1513
918
2910
787
5258
744
2601
895
1344
3164
3500
806
2977
2879
2200
2718
2685
1889
2988
2691
1268
1237
1880
539
2411
480
873
3122
878
3405
1289
1357
6404
1345
1378
1081
1528
565
1067
588
5466
2311
1358
1030
2338
1280
1075
2559
3133
733
2295
756
1138
1111
1798
2181
1024
1152
1009
2537
1302
3110
1343
1452
843
1342
2188
6173
540
1354
1277
1469
991
1750
1194
1330
741
2555
2423
830
2600
3206
3299
3103
2143
1507
1957
779
2385
925
3419
2630
1989
872
1094
3086
911
1972
5014
2415
855
1434
1375
6534
3474
819
616
2299
1338
2712
2197
1617
4394
2497
2587
1171
945
2312
2831
602
5453
2219
2342
2206
3658
3374
2383
2612
1613
579
932
1959
2787
1308
1901
1133
1306
1429
2104
885
3734
1562
1326
1128
1469
880
2658
6511
1006
2035
527
2126
1463
637
1457
2980
1114
2999
598
1380
5526
4382
3162
2131
2742
1261
741
1421
1261
952
3174
3602
2106
4239
5833
1345
2589
1509
2456
3889
863
1477
638
857
6005
5697
1774
2533
2436
1293
870
5849
903
2433
2635
5252
2007
2759
979
939
1202
869
1228
2380
1216
1171
3307
1427
2009
802
893
2724
2235
1083
2494
2221
741
1043
883
931
1229
839
2008
1478
466
962
3160
2019
870
1127
1081
658
960
3088
1396
1276
2020
933
841
2720
1606
3386
2914
3342
1441
1296
1209
912
2404
992
2995
811
1009
2938
2116
2215
1756
932
1878
2135
1323
1152
735
2471
917
839
6422
1265
1100
1395
1293
1371
999
1087
1313
878
1100
1276
3544
1264
775
870
2762
1247
1976
1941
1512
2586
2307
1247
3262
1979
1566
1326
916
1021
4205
2050
2509
2346
1351
2351
983
982
963
2201
2251
661
839
1683
1476
2465
3302
2358
5460
2341
1057
841
1722
915
1571
2660
1149
671
1248
1304
1329
1622
2724
2494
2510
1806
1416
3443
3156
1107
1068
3265
956
2460
2154
2742
2429
1105
470
2672
1011
2550
2217
3092
941
2061
2395
863
2155
3133
1990
2558
1007
2389
970
880
1024
820
2964
1287
974
3192
1410
2774
2911
1491
2980
2159
2301
1569
3856
947
2161
2095
1180
1049
752
6515
1282
1269
1271
2410
1248
1754
2207
1532
2264
1402
1303
2080
5942
1530
2266
1131
733
626
1395
2169
3371
684
2289
714
1308
2022
1336
3534
1368
1425
2393
3488
2258
3334
1389
1192
2296
1960
1376
2167
2933
878
1053
2311
974
1192
3016
944
706
727
774
915
880
2476
1357
1942
897
1043
1210
810
2534
1144
2083
1670
3204
1384
1453
2768
1290
1278
852
2343
2352
1575
1367
785
1890
782
1897
2795
2719
619
5560
685
744
2242
944
1272
927
542
3081
1262
4341
1302
2253
1326
2249
2152
1402
5177
2321
1345
1159
2568
1284
835
1336
1156
2284
958
2706
2006
1195
1279
958
916
1442
1107
1243
1106
904
1369
1311
1305
1446
548
881
1624
944
2397
1395
2543
1312
2121
2304
3186
4038
2611
931
2330
1017
1824
1094
2772
2381
870
2221
566
1392
2444
1899
3260
962
2216
2362
2477
2317
1441
1105
1571
2826
1275
1134
2040
2691
1458
3297
2235
623
2842
2157
969
1097
1358
652
1910
1854
1377
2904
2448
897
2359
950
1207
1423
3471
3252
888
4984
1387
1480
1138
1866
1349
2270
1067
1257
2714
1466
961
6594
2196
1597
1344
1925
642
1518
661
1336
3979
559
2516
2334
914
795
1334
2940
809
1013
1806
984
1450
516
1480
2137
843
1394
2677
2585
1244
1030
755
2076
920
1438
2801
2080
2506
834
5985
2612
1278
901
1048
1424
1725
1430
1286
5249
1966
746
1190
1827
883
3757
2055
1339
804
2156
1073
2633
2406
2497
1065
932
3405
2323
1210
949
2053
1098
2486
3055
669
5949
2690
3402
2174
511
2464
2427
787
897
1040
6739
4277
3327
751
1020
4609
1388
2111
678
997
1230
1165
1269
1381
1148
623
2584
1196
1065
1356
893
1569
1305
3518
2889
824
1339
2156
3263
3350
541
2134
3133
2039
2399
1979
1302
2204
1336
1026
835
1181
1971
849
2471
3596
1975
1915
895
2347
2436
2080
681
1216
1066
1456
1972
1242
980
538
2385
2981
1426
827
2334
1320
2111
1398
1438
1484
912
1418
1227
2545
2146
2171
1115
2400
3325
807
2910
943
2293
2404
991
1982
3169
1507
1134
1355
2507
1134
1324
916
2936
1280
2302
1121
995
2215
1041
2197
1022
4063
1099
969
1206
2710
966
924
5270
906
1385
2145
989
5660
2775
2694
1038
766
3121
2263
784
1034
2431
1099
756
3049
1970
1669
1234
1676
3158
1038
2439
1145
994
3177
2437
4154
940
2639
897
3467
1479
1408
1289
1433
2475
846
785
4096
781
1124
3565
2815
1152
5380
2855
2088
690
1649
975
1207
967
1257
1100
2502
1291
1060
995
917
2212
880
800
1361
2728
2689
740
1114
2104
2443
2547
2292
2250
890
2208
1167
3485
2359
2758
809
1489
1111
623
615
3080
782
824
1147
1097
2864
2303
1340
2090
931
994
2903
603
1614
1148
1129
2534
1303
3523
2260
1346
952
2972
2014
1174
3503
2202
5862
676
885
2695
1411
1362
2375
781
1343
2039
1285
1433
1122
2346
2721
650
2321
803
1495
2516
1275
1241
822
2173
1835
3305
2934
1294
1494
1239
915
2394
2688
2202
996
2599
918
1333
741
1351
2433
751
1046
2359
4053
2453
2570
1954
6425
1943
663
1551
2993
3036
1951
3019
2154
2909
924
888
1124
1188
6149
1011
939
2075
5135
1005
655
924
963
1364
966
1004
2343
1161
2523
2668
2322
6676
2047
1410
753
635
685
2227
2241
1261
2515
1502
2138
971
1181
1923
3783
877
799
2587
2151
3848
1031
2503
2510
1018
924
2064
1514
1205
2051
3897
2270
942
5434
1226
908
1252
1337
1036
977
785
1991
1183
1332
5782
769
2696
2374
2814
3292
909
1125
810
1314
1049
1165
893
2285
3611
2347
554
1189
1363
2290
2690
6053
2094
3068
579
947
5515
2701
2466
1393
2841
955
883
1244
848
1086
803
5713
960
884
1490
2203
1007
1274
2690
771
595
1295
983
2055
1986
1491
3472
2147
1049
2022
2356
2440
2842
1195
1400
2807
2575
1133
2625
1022
2677
2053
626
823
1395
2142
978
1017
3444
1048
3004
525
1395
1138
1082
662
899
559
5156
1916
1413
917
1941
1506
1719
1306
491
1265
1336
814
1346
1051
1118
964
2667
3105
1271
1101
1264
2767
1286
2214
1565
2825
2031
1199
1141
837
916
5661
3381
2078
1152
1234
2311
921
1197
1966
1229
1447
1558
892
997
876
1448
2184
1363
639
1584
1236
2617
1017
2146
920
1384
3361
1793
1203
807
860
923
2532
2900
1438
552
3847
870
893
929
2862
674
1230
1943
2678
1253
2423
867
2213
1312
1021
771
2208
2868
1050
2051
1396
1185
1420
2025
2860
1871
1294
1261
1352
844
5230
1249
657
6207
3806
1412
2244
869
2066
793
2989
2860
2240
1101
2985
1325
883
655
1545
559
946
866
2856
2232
2239
3293
2549
1340
1142
2227
2614
1337
918
2196
1262
1180
2743
2250
1359
2359
2931
5318
3202
857
5723
1487
1042
2981
978
6430
1240
2569
1917
907
713
2152
1734
981
3235
2350
1146
1312
786
957
3514
2434
3118
1260
2655
2629
880
895
3309
1045
2487
1331
834
2771
2862
2392
1436
1346
1416
2143
1326
1987
2967
2722
2182
2655
1476
2570
1026
1758
2151
2138
665
2229
2868
1010
1394
944
1479
1017
3991
1419
897
554
1229
1383
2669
3041
2397
3912
1449
2110
1069
1451
1264
1547
2391
1158
920
1372
1775
958
1328
923
1226
1934
3368
1438
3932
738
1596
2371
1077
3200
2019
2720
2131
2015
1323
3494
1422
2310
634
1253
3761
1401
1081
2926
916
2093
2795
1535
2995
2120
991
2524
2200
1903
1376
2242
876
3264
1023
4579
1109
2752
962
589
1499
2511
529
585
1793
2396
2358
2093
747
2632
2267
715
3477
2485
1407
3601
1299
734
2034
1763
4535
2840
2019
967
6379
1155
746
820
2881
932
1786
1445
1923
919
2109
1043
1174
2215
1998
1028
2173
2120
1998
2233
5417
2312
5680
946
3089
1932
1296
821
632
1350
735
949
2974
1151
1319
2197
2313
817
2544
837
1337
761
1908
1006
513
845
1189
3307
3364
880
1450
1015
829
777
1239
776
1068
2579
910
1199
572
3845
940
843
2216
1482
2651
573
2106
3068
2355
3044
926
2574
2301
1373
2237
1789
2550
863
5319
757
3355
5256
596
1933
1516
1490
2507
2778
795
1315
1667
588
1233
2828
2301
1034
2396
612
3192
1319
1232
2652
2474
888
1162
1822
2207
1819
1852
2976
1005
1339
2150
1844
3171
4295
854
2817
1778
690
672
3342
2839
1655
2634
888
1245
1465
1480
1320
1870
2091
1353
3049
1121
1063
3412
866
2295
2599
845
835
2658
1010
1011
1890
2714
1383
2456
832
2398
1562
2446
788
993
2286
1412
2392
719
1216
3435
2965
5718
1132
2235
896
1467
1383
3107
1178
2607
2463
2735
932
2872
1037
1866
594
2075
1130
3686
1201
2552
1271
678
6331
1334
664
6834
1303
2451
2158
1303
1345
2310
2996
2229
603
1436
1460
1349
2531
844
2769
1917
3488
1259
966
3615
1584
3795
1358
2512
2214
775
2353
2651
1244
2519
2632
2088
3183
3378
764
1889
3988
1384
1520
1049
2116
3316
6497
3320
1235
1188
1239
1101
2073
1184
1384
3173
1821
1217
2390
3104
2327
492
1050
1529
1925
5782
940
2631
625
3405
2488
866
1287
760
3509
894
1370
2336
1004
806
2853
2062
1402
1371
615
764
2449
1239
1899
6320
931
1534
3075
685
549
2361
964
610
3137
2320
1093
1130
844
3007
1276
2752
2658
863
689
2371
1153
2393
2305
1775
918
1211
1078
797
1387
2087
1090
2583
2825
1130
3665
2598
789
2038
1198
1136
1006
865
891
2724
964
959
2144
3717
1224
1238
2244
1406
907
2036
2919
2323
553
1892
1920
1447
1273
781
1506
2070
2090
1207
2287
1382
1500
1519
1207
941
1090
803
778
1048
1923
1291
2039
2640
519
1044
2067
1238
1006
1102
1313
1087
2904
991
4220
1524
3218
1022
1398
918
602
1511
1089
2924
2390
899
1320
1345
3190
924
1319
5541
3455
2124
2420
949
1374
1426
811
1397
1561
1050
1319
744
2129
1510
925
2179
1239
721
1421
718
1228
1441
2474
2889
1358
2101
842
1286
2907
2693
1067
1188
2093
1203
3329
3468
3397
1204
2554
1288
5992
1482
2373
5240
2929
2792
1839
6918
5859
2231
980
739
1274
952
1197
1357
860
2432
1395
2232
1610
586
2203
1062
1290
1905
2079
1237
1362
1460
2491
1896
2012
1408
2242
1201
2735
2239
1248
827
796
1005
1518
5994
2576
2617
795
2375
2522
893
2591
1132
1022
2452
2855
2056
2092
2554
6780
2339
2672
2072
1445
853
865
1119
839
2371
2189
665
1277
1861
1483
1140
1964
1526
2529
1147
835
2081
774
1983
1209
2653
786
1872
1380
1315
870
1049
3611
2398
2413
1479
1431
6625
1686
2316
704
3227
1600
2215
2472
1359
1024
1262
736
3393
1104
2347
1556
783
972
2222
993
1132
3155
974
1264
1224
960
1976
1013
787
1369
5725
1732
2671
1495
1514
1483
2830
1260
965
2550
1025
604
3099
3197
2274
999
965
852
2402
1406
846
1046
1359
1238
3552
2670
757
1489
893
1094
2265
2326
1980
1514
2450
1201
2715
2381
2257
3287
1169
595
1135
2677
1202
2959
2334
2362
948
1444
1932
2162
1089
975
1985
2452
1412
842
1017
2269
584
2835
1222
1227
1338
2951
1313
1326
1575
1434
930
2208
3239
884
1943
1058
931
1921
2436
3064
2820
3396
3839
1428
2879
3035
1113
1498
890
945
2187
986
3215
1037
1467
3830
1478
1025
2341
1427
906
753
1374
2474
1158
1565
3906
2388
2127
1383
825
2051
1031
785
704
1349
2291
1383
962
715
2703
1377
2376
904
3772
2625
1063
734
1546
834
1406
3118
887
1221
1285
2541
2615
767
3128
2326
1875
2899
2916
2257
841
1442
901
6245
1975
2021
3184
5160
867
1423
2164
1189
1123
2426
882
1014
2742
2282
3066
3036
1116
2477
1073
3694
890
1948
1718
1244
2070
2502
2487
2406
1088
2450
3391
1302
1759
3275
1880
1411
655
599
3912
1023
2136
2507
2065
865
1052
1010
4742
1261
790
2379
1927
1126
2556
2392
2412
3107
950
1011
859
1184
2275
3555
871
1350
906
2304
1097
1945
699
1510
580
822
1219
2073
888
776
2647
2827
2901
2212
1224
3361
616
4752
3335
2928
1768
1291
1120
2666
1968
2601
3025
2661
781
1260
787
1310
913
1029
792
824
2444
753
2581
1364
739
2690
1256
1378
2751
2197
2290
1430
1181
1171
793
1368
2819
882
2257
2357
2688
1586
2344
868
955
2191
3349
2628
828
1183
1208
828
1135
733
2300
3973
1707
1053
976
1313
2655
1009
613
2603
3900
2321
1196
5735
3856
5448
2161
2283
905
2303
1470
2973
1346
2437
1146
923
2776
2122
875
2155
1263
2617
2169
1767
2601
976
1071
883
3363
2144
1386
2626
1583
1355
549
2340
647
2506
2854
905
1108
2967
972
1397
997
2152
1527
1953
3118
725
839
3381
5997
3365
1788
2489
1297
6876
2235
2753
1450
2904
2066
679
2998
1363
2646
2695
2442
2368
4135
1779
2473
2894
1021
2068
2915
890
917
513
1208
2426
3622
2733
1627
1517
2199
3207
1789
1403
843
2606
2358
2691
2640
1568
955
2181
2977
4840
1354
476
2475
5546
1145
777
940
1284
893
1059
1092
1028
1560
876
2867
1450
706
2894
3871
846
1655
1068
6912
1259
1017
3397
3115
2252
1227
1409
2143
2309
2260
513
2549
2367
856
3214
2579
1005
3019
991
876
788
2533
2637
1969
1021
956
2783
3319
1208
1299
667
1352
1252
3330
994
2992
2251
2314
788
1631
954
3284
5763
1091
877
1155
2523
3127
924
3141
2150
639
2327
977
1077
659
1371
3083
1261
2696
2275
6001
969
2273
1063
779
737
2554
6062
2789
1126
1293
1094
3658
1239
562
742
1305
2183
1038
1246
1431
1292
1232
2196
1424
2832
1061
897
2231
927
1098
3573
984
2400
1094
4120
701
1488
2416
624
2358
1326
1064
851
2128
1030
1618
1081
710
3083
914
588
1618
2802
3161
2596
892
1310
2446
1388
3022
802
2374
1166
3301
642
1754
2325
1419
3853
968
977
2991
689
5074
890
736
1359
2573
625
3122
2919
2546
3144
2215
1697
1926
1199
2345
2145
1421
1118
858
4794
1466
1291
918
1728
2872
1086
1136
1320
2255
1610
872
2149
2329
2474
974
1543
2904
2349
1176
1402
1385
2149
1389
2808
839
975
1367
1453
1297
2605
6111
1338
1381
2656
1129
780
1415
630
2344
1025
2762
1282
886
806
1242
2084
3643
1017
1497
2541
582
972
3168
2898
1141
1436
911
832
2002
1011
2403
1323
963
2375
2236
2822
2121
1048
2502
681
1372
1794
1437
1404
1262
655
1440
3217
2103
2709
854
6023
684
769
1429
3796
2484
1137
772
984
2165
1462
791
816
3498
2954
1374
1198
1206
1374
1223
1315
2963
868
625
892
723
5214
1180
2399
1304
871
2663
2819
1943
2023
3704
3692
1483
1136
2252
3272
887
885
3325
1576
3156
1021
1357
745
1014
741
1278
2402
2229
2203
1378
1130
1326
2307
6316
2069
3210
3145
2628
2853
759
3515
1345
613
4153
2286
939
1451
2671
2574
4087
730
807
1427
1243
1840
2569
2321
1494
531
1271
2357
2239
6532
705
984
1335
2570
2643
1020
2539
878
3551
844
1380
1309
1397
2741
2619
1248
798
734
764
3101
3588
2986
2758
983
2413
1418
2053
2113
3244
900
656
2156
2548
787
765
934
833
4020
1397
601
884
634
2063
1415
3608
1300
1137
1380
2251
3918
2304
1382
2026
2820
903
6907
975
1023
3312
2667
730
2368
686
3190
2084
971
1361
1117
1478
2203
2644
862
2660
1070
2035
723
836
2291
915
2743
2515
5828
3097
2510
2105
1547
2295
2114
1504
4798
2178
1314
1284
5486
767
1383
2567
1627
2405
928
1365
2121
765
1983
3437
2185
3087
1233
1384
2977
3316
660
2110
1366
6807
1047
1661
590
2166
1379
925
1955
1165
953
2243
1884
998
2869
1025
1092
1430
2384
528
1127
1075
2258
1147
1088
956
1488
2310
2636
827
1390
878
2294
1025
1801
2443
2676
814
3135
570
1287
2302
1464
2809
1020
2367
2419
2554
1224
2648
2221
1311
2019
814
2490
1286
2393
2801
595
775
1268
2113
1827
5156
3511
2495
924
2014
1001
822
842
2296
2263
2589
1149
1920
1871
3589
2205
837
3354
1093
1886
810
2149
2471
1692
3706
1164
697
835
2454
1058
2116
2105
2144
1341
1893
1331
1388
1001
4455
907
961
4009
6076
1462
931
2102
2138
1141
2893
920
3308
1529
699
1431
508
5808
1203
829
4739
1511
959
1339
2415
2897
751
686
4762
963
1066
941
3148
1094
2141
3195
1175
2321
943
2535
1053
2204
1273
1493
2570
1979
2880
2676
3337
1542
1530
3023
574
1571
3822
801
1443
2901
2319
725
2422
1434
2309
1219
1353
1002
1389
2091
948
1961
1958
923
2300
5724
3275
792
2374
780
997
5563
994
2312
2055
1439
2165
1155
1390
2033
1418
1412
5673
837
621
1939
1416
1286
2074
2819
1297
2981
940
2337
1416
3525
887
2434
3824
2308
2727
1043
1373
554
938
5135
896
5706
1237
2941
1669
4288
2362
1242
1221
2238
1394
912
2185
1159
2805
4570
2218
1439
1132
864
2738
3058
1216
4706
2129
2809
5199
1955
2773
2251
4202
1880
3394
1732
2128
901
2621
1267
636
1150
1347
2192
1326
568
1243
1024
1978
1305
2119
2974
794
897
3376
6126
555
1232
939
2574
3162
4315
2976
2422
3112
895
1395
6381
1300
800
2382
916
1674
1255
963
5609
1008
1473
1810
2605
2088
1142
992
558
902
2947
1365
689
1235
941
1384
954
2096
2091
1171
6111
1203
1207
1202
1356
1843
2336
2345
3017
1477
945
791
2314
868
2995
1195
2218
1476
1448
1496
518
721
1454
3827
1123
786
786
1581
939
1201
2276
1520
3233
2147
2572
2632
2565
2086
750
1967
2201
5916
2310
1000
575
853
980
765
4269
812
997
1312
2529
609
1319
2243
1543
891
2932
2289
3068
1006
2432
639
496
1061
986
857
1133
940
1536
2036
1333
1402
3588
877
1092
1300
1430
2048
1351
1092
1239
2060
2427
2312
2182
1040
3139
2059
2139
1328
557
1415
866
2815
1603
1528
651
2695
3412
2405
588
1532
886
1734
820
982
2262
1135
2368
1457
1423
963
1036
2623
920
2913
797
1368
2366
2098
919
2911
3657
1827
814
1368
2390
1301
871
2470
1274
3284
1718
3965
2489
2062
1162
2546
922
1099
721
2218
1314
959
1207
3450
915
3661
1109
2137
483
2552
2029
6437
852
1273
3891
4325
2550
1321
2184
1352
916
4429
1401
2861
1007
2051
1407
743
4026
1455
1575
1390
3555
1585
1225
1670
1971
1210
3068
1153
907
1694
3109
1193
2854
2603
608
1436
2165
838
2189
838
3023
5884
812
1576
734
1321
2760
857
887
2125
652
2536
2940
2516
894
2260
1575
1529
1049
3071
5891
1481
747
1520
958
879
1744
807
2817
1072
829
2546
1234
3004
1151
2316
3288
2157
2887
1152
3002
2016
941
1396
6247
2697
1346
1334
761
2864
1199
1244
2579
3199
1067
1135
1201
2249
1419
1413
2000
526
3088
712
2306
2215
1298
730
828
1284
2205
1962
1286
2912
1378
3316
1123
2279
2685
987
1011
4888
848
1429
2602
1503
1499
1026
863
1924
1260
2103
4499
1303
1362
2606
2214
1075
3123
1237
3086
2515
925
1265
2463
3488
780
707
3134
1340
1807
968
1453
1246
1369
1939
2263
1042
852
2133
1469
1287
2935
979
1372
1583
2214
1016
1894
1354
1331
1080
1564
1344
1159
2080
2810
1229
2991
3004
1026
1373
2143
1147
2069
3404
689
2295
735
3122
2093
953
5881
2303
1748
690
967
1874
1370
2304
1219
2300
2224
1473
1899
665
2238
3191
792
1170
3599
2398
958
2355
2438
3084
2227
1668
2441
3333
1268
1733
2229
2596
890
2543
3179
941
3002
921
624
930
2488
2421
1212
1146
925
3888
2407
740
2119
905
2195
690
2172
1077
929
629
995
1831
4631
724
1014
1455
2302
2188
2164
2992
2720
1086
702
1339
609
798
1632
1394
2006
5508
3343
2546
2041
1451
2371
1444
2262
2440
2600
1627
1076
1273
845
1414
772
1236
2380
2211
2093
1446
1156
2268
1116
1136
1380
3188
1225
2274
653
728
4613
793
792
2212
1312
1014
786
800
964
1351
1403
907
2889
991
1431
1083
800
956
2463
1235
2713
2304
3192
2395
1553
2906
2531
791
572
1898
1542
3775
2298
1295
1192
1315
1301
2545
813
3264
1437
796
1095
1009
5470
1365
595
1422
898
2409
2059
941
858
2271
1383
2320
1399
1331
2115
1255
1087
1248
1266
944
1027
1203
2665
5770
2989
767
1451
2945
749
903
2441
2478
903
824
2059
1363
1274
1310
1366
2368
2213
864
2741
985
1107
2019
2411
1251
854
1178
1418
1056
1309
2169
2379
1457
3306
837
2593
918
2042
1425
1308
3647
1453
1109
2487
2509
2030
898
1212
2209
2903
658
2875
2246
2045
2276
1374
1794
3293
1378
622
2211
2470
637
3456
2167
3131
3466
2608
1319
592
857
4020
1399
958
814
941
2138
1375
2902
6112
2082
2155
